0.946089724
0.575722998
0.531903789
0.517337761
0.506484897
0.496824936
0.494120895
0.474208286
0.460979194
0.450728516
0.438580529
0.416673505
0.411950610
0.404221271
0.395948421
0.393013462
0.377250191
0.379904203
0.369012730
0.374307388
0.365624552
0.363568276
0.357561081
0.357094215
0.351382519
0.348943387
0.341484158
0.343358006
0.345985997
0.335627957
0.334486002
0.337151099
0.324386843
0.324313684
0.322332658
0.322948151
0.317642091
0.326609532
0.315968840
0.316200961
0.304556633
0.303624353
0.307331374
0.302959227
0.308743336
0.302438780
0.291723282
0.293953033
0.288913976
0.291407648
0.288643623
0.291538827
0.284171451
0.285787798
0.279162878
0.278701757
0.275944473
0.274862098
0.274954757
0.264878547
0.261554974
0.256290009
0.268925431
0.264343010
0.262295730
0.255088017
0.260120837
0.243339013
0.254133643
0.249948189
0.243039979
0.244882289
0.245108824
0.253213150
0.239683294
0.239554206
0.231392847
0.225151056
0.234986942
0.242003265
0.230993810
0.233207464
0.223209981
0.227523847
0.230537980
0.227487543
0.228948062
0.224667835
0.218066332
0.215083513
0.233916872
0.222794646
0.214122184
0.214007306
0.212057759
0.220244031
0.207826645
0.216113365
0.215966085
0.211412541
0.215568499
0.211673776
0.206464467
0.201798560
0.209833493
0.201740846
0.201188958
0.203836042
0.208453397
0.209330894
0.212295193
0.202626326
0.205449364
0.199228298
0.196934358
0.202306556
0.197478726
0.205914349
0.201369424
0.198428337
0.193815238
0.208694962
0.189206909
0.198826558
0.200807069
0.192911413
0.193842219
0.194345123
0.193099561
0.191499404
0.196177007
0.199077207
0.193022766
0.191456723
0.189587906
0.200059587
0.193626143
0.194689204
0.179201369
0.185518179
0.184129484
0.188268849
0.193877445
0.188079688
0.185167657
0.189529641
0.186308809
0.187319622
0.190043388
0.180295869
0.187703261
0.200500312
0.195762146
0.196965095
0.195135133
0.188362150
0.192247819
0.185752032
0.195198899
0.189197916
0.184510860
0.193444187
0.194923149
0.182490588
0.180146270
0.189854904
0.180587011
0.191202955
0.182813424
0.179018212
0.184919465
0.183444315
0.186636077
0.182868711
0.177727368
0.188728239
0.186495300
0.183706925
0.189798803
0.184534634
0.178345083
0.180890136
0.182838207
0.194372370
0.184707259
0.185962796
0.184293354
0.191250346
0.184458931
0.180602365
0.186414837
0.187001231
0.186828871
0.183918873
0.187789300
0.179363863
0.177288891
0.168411817
0.177399022
0.174004451
0.183934798
0.176039395
0.186040575
0.180116524
0.181494003
0.173086725
0.171659928
0.185905338
0.180499334
0.178491302
0.185990127
0.182969143
0.180474841
0.180613801
0.185435994
0.170824899
0.181276913
0.184019096
0.187738055
0.183231594
0.180785192
0.174087519
0.177068786
0.175530467
0.174082225
0.175468587
0.178392404
0.180563686
0.177058428
0.187544453
0.173895828
0.179195010
0.177369442
0.173176735
0.184873815
0.174383222
0.174268993
0.185314230
0.175284174
0.178123804
0.174098862
0.180547183
0.180565158
0.169783917
0.175051932
0.174419375
0.175602912
0.179628079
0.176294439
0.170251175
0.176699353
0.179707903
0.178491489
0.182414949
0.180065182
0.175121848
0.181011561
0.171702185
0.179678095
0.178117416
0.178379850
0.177505961
0.175229824
0.168746428
0.179589993
0.174429303
0.177210648
0.171295730
0.178566315
0.173310633
0.175421111
0.178332437
0.168832338
0.174086798
0.174259375
0.179069665
0.172371391
0.176198833
0.174599303
0.174619180
0.177589422
0.179592447
0.174826079
0.178291006
0.176441273
0.183146205
0.179823532
0.179733350
0.170990475
0.175723409
0.184901730
0.177343758
0.170633274
0.174878276
0.182619835
0.169624563
0.184948540
0.169872986
0.173609937
0.165896003
0.169677516
0.178460771
0.177964937
0.177619338
0.177824917
0.180058876
0.187156557
0.179478265
0.178822240
0.179901702
0.178667878
0.176647524
0.169850589
0.172093322
0.175513985
0.178391297
0.168440662
0.173394966
0.186275512
0.180265014
0.173633703
0.176821899
0.169373101
0.176702087
0.173300782
0.177353336
0.180575755
0.180130108
0.175732833
0.174996236
0.169475122
0.180750702
0.169705721
0.177208014
0.166381477
0.175651500
0.179344959
0.177936953
0.173614661
0.169843008
0.177577774
0.173955263
0.174145689
0.173362910
0.178948431
0.174843326
0.176228017
0.169600499
0.171143905
0.173783643
0.179183233
0.185134744
0.174076464
0.172103996
0.172239332
0.181267474
0.167065495
0.167949109
0.179418907
0.171518493
0.174919381
0.181712427
0.177284231
0.173644017
0.176201790
0.168786374
0.170074920
0.172756495
0.179653019
0.167572976
0.164828550
0.176291236
0.176523406
0.171748281
0.168784514
0.166334668
0.167922545
0.174097261
0.169296663
0.174869177
0.167725004
0.171618652
0.173204118
0.174104307
0.175906764
0.174771130
0.171863439
0.164300843
0.175470880
0.174449155
0.176188557
0.175569066
0.173839564
0.182717477
0.173261954
0.166494260
0.173402347
0.165235214
0.171565339
0.169496060
0.170868649
0.180512159
0.171621023
0.172338064
0.171422287
0.168746445
0.171717372
0.167000208
0.180437405
0.171315066
0.171759279
0.172140191
0.174230311
0.171888928
0.175974234
0.164298566
0.173200367
0.165813679
0.178029892
0.171899258
0.180721691
0.172128882
0.171569471
0.167146916
0.182565434
0.177668870
0.174474227
0.175532888
0.169450229
0.173201707
0.175833269
0.172784597
0.175172591
0.167572891
0.169067881
0.184296497
0.162753461
0.173589350
0.173322437
0.175433938
0.172563638
0.176123667
0.175008723
0.176689190
0.170277844
0.161199009
0.173638072
0.164629805
0.171693468
0.173164987
0.165619984
0.168425660
0.169883243
0.174063439
0.175214559
0.173230968
0.167644448
0.168249936
0.168884841
0.180225067
0.177970334
0.170444438
0.171949786
0.169103211
0.170071182
0.172506429
0.169534095
0.171755254
0.168619197
0.172540991
0.172598097
0.164867192
0.175465556
0.170435723
0.174244209
0.174262526
0.173031026
0.173801188
0.174408276
0.170567840
0.172426223
0.172779434
0.175316052
0.177408924
0.165291680
0.166649756
0.175945982
0.168814210
0.168020286
0.178361374
0.165832705
0.168692882
0.169442905
0.170349348
0.169356977
0.169942161
0.170479667
0.165174785
0.172586897
0.166202678
