0.882174613
0.856461973
0.838146113
0.883517770
0.798268123
0.865679763
0.868200193
0.852020672
0.828851412
0.868644702
0.826786489
0.853349724
0.883567328
0.814842690
0.862190690
0.843314117
0.844592195
0.886031143
0.892818858
0.877804989
0.847768956
0.824423770
0.841934449
0.832061520
0.843672187
0.877637095
0.841186536
0.880097586
0.862314343
0.875797239
0.845165010
0.896021434
0.871590219
0.862806467
0.793190504
0.814929297
0.844926098
0.866752278
0.835346917
0.864936951
0.875201332
0.855356051
0.765963559
0.864412595
0.855404260
0.857176550
0.849244102
0.870192404
0.845292380
0.867629442
0.867691172
0.829522436
0.877009066
0.888242180
0.874792925
0.849649199
0.815076181
0.865968887
0.849854172
0.829517615
0.781750552
0.878207359
0.863102547
0.842892799
0.875392682
0.822211204
0.845643404
0.818514918
0.865017811
0.845120502
0.846068433
0.804528803
0.820586359
0.869478843
0.890958926
0.839464261
0.843438796
0.918903800
0.864079404
0.876484290
0.835724804
0.882979590
0.866790051
0.878962996
0.870546220
0.817158021
0.783530134
0.847282382
0.864061082
0.837145816
0.835676183
0.867772436
0.847882211
0.811735589
0.831077784
0.845828748
0.870004334
0.818979674
0.848457738
0.875584096
