0.521368146
0.395601898
0.330871344
0.303433537
0.291081458
0.281146199
0.275196910
0.270094424
0.261826873
0.261174053
0.253134161
0.249718711
0.249932393
0.245139971
0.247648045
0.244257689
0.241163284
0.236941010
0.233189881
0.232185692
0.231415361
0.232198462
0.225474834
0.224726543
0.218887389
0.221988261
0.215317354
0.210582688
0.222818941
0.210059538
0.212198138
0.198223084
0.203618333
0.197049186
0.192916125
0.192484766
0.185526609
0.183317900
0.187583014
0.180665553
0.181649536
0.179379746
0.180630594
0.165041402
0.171205908
0.180011109
0.165392384
0.165128767
0.154307142
0.164783195
0.162473872
0.154940769
0.158025458
0.158882126
0.152231887
0.152534366
0.149952680
0.147847921
0.144600213
0.144715071
0.152311638
0.144613266
0.143995404
0.145043120
0.142657161
0.141004458
0.141901135
0.141196936
0.137576744
0.140296295
0.140670463
0.141643688
0.138339505
0.133664399
0.142181247
0.132448375
0.132379636
0.138093844
0.128381535
0.139444605
0.133912683
0.131097347
0.133590862
0.135783851
0.124414548
0.127170667
0.134306669
0.131852537
0.130006999
0.131640419
0.124515802
0.125694141
0.131766960
0.130313143
0.131081134
0.127933785
0.130800113
0.129413009
0.126884684
0.122121595
0.136562198
0.125512019
0.121321157
0.127713963
0.134685114
0.120871790
0.123744816
0.125536829
0.118381076
0.126842827
0.127521962
0.131726384
0.126288414
0.122557960
0.129296780
0.128006339
0.121339113
0.119117707
0.122233890
0.123031892
0.120334879
0.122890256
0.129444912
0.124918535
0.121769398
0.121734872
0.120460734
0.116547018
0.117131867
0.120975733
0.121603698
0.121710859
0.119980425
0.120677054
0.119687900
0.118509971
0.125478730
0.118166387
0.119276449
0.119895443
0.116992071
0.119464293
0.122575201
0.121098720
0.115134493
0.123369962
0.118870467
0.118230633
0.117593706
0.118325807
0.119629435
0.117273211
0.122060575
0.121427350
0.125018507
0.117825598
0.114536710
0.114443310
0.115632109
0.116379716
0.119958706
0.121747412
0.113796689
0.114781208
0.115774140
0.118116811
0.119878329
0.113138773
0.116249546
0.114821218
0.117664784
0.118532956
0.121130891
0.119258285
0.113755442
0.116428778
0.120629840
0.114918962
0.122125879
0.112604365
0.116082974
0.112898104
0.108268440
0.119402528
0.115481317
0.115151770
0.114110716
0.113898680
0.111288935
0.118899770
0.110055469
0.113639586
0.114841066
0.120800495
0.117133185
0.116179079
0.119878218
0.115578756
0.112861536
0.112595946
0.114162870
0.107425906
0.112832390
0.122646376
0.112929896
0.113666400
0.108883902
0.109339297
0.109360568
0.116996624
0.106860921
0.110054038
0.109821051
0.115283541
0.114979692
0.113175973
0.108075783
0.112685077
0.110144161
0.110520989
0.115894340
0.113203503
0.113760360
0.109108090
0.110038735
0.116738006
0.114646815
0.112638772
0.111003220
0.111067079
0.111631095
0.113030612
0.107382849
0.106947854
0.107583918
0.115565643
0.109033436
0.110908635
0.109605372
0.107605577
0.111999944
0.116641663
0.111007698
0.110117145
0.108016916
0.113453940
0.114935420
0.111420289
0.110699855
0.111486815
0.111088388
0.109736219
0.107476324
0.115358606
0.111332938
0.105886236
0.106262349
0.110948391
0.111962616
0.104772173
0.111465253
0.111315019
0.112004042
0.108773023
0.108045399
0.107142769
0.106614836
0.107873291
0.109673478
0.110983826
0.114129439
0.108215541
0.108276904
0.108590260
0.109384790
0.112850398
0.107449256
0.101499856
0.103897676
0.113555789
0.110910617
0.108547337
0.117584117
0.104763113
0.116725221
0.105349913
0.105322003
0.105425298
0.107542254
0.109105237
0.108927973
0.103862271
0.107981056
0.107508868
0.110033020
0.101189189
0.113822527
0.106107369
0.104886994
0.108315043
0.104690641
0.100211918
0.107254975
0.101795740
0.102719553
0.097780265
0.110105261
0.107167058
0.106549412
0.108480647
0.104607910
0.110921390
0.103402726
0.107014053
0.107411601
0.103962235
0.127122715
0.104025476
0.109191820
0.103093676
0.110212967
0.112811811
0.101804890
0.106145769
0.106523462
0.098808534
0.099893779
0.106327228
0.110652238
0.104256742
0.103553742
0.106445633
0.105682850
0.110964514
0.105579078
0.106915295
0.111228019
0.108095869
0.103238605
0.102615505
0.109782100
0.105791852
0.119979344
0.108639866
0.104686670
0.102692835
0.100718029
0.106279440
0.108465254
0.102686815
0.103683256
0.100894459
0.106583424
0.106311306
0.106923044
0.106442489
0.100380868
0.101894222
0.105026931
0.110890143
0.106711470
0.113587961
0.100025028
0.108687676
0.106943496
0.103848390
0.106660075
0.106720120
0.104304112
0.105718650
0.101780109
0.108958021
0.103285395
0.103214271
0.103015095
0.106598794
0.104269370
0.102079682
0.101029560
0.103349403
0.102690727
0.102538809
0.107555792
0.101182438
0.111704059
0.103375390
0.099882238
0.110682569
0.102957740
0.105474323
0.104789540
0.101084426
0.101573601
0.105339870
0.099816754
0.100978278
0.105624095
0.099062003
0.108360618
0.108001873
0.098615751
0.102538764
0.104938552
0.106950253
0.103616364
0.110245831
0.103906408
0.102978297
0.102376707
0.101515234
0.105861790
0.100167066
0.108466603
0.103647269
0.110472225
0.101012871
0.104863189
0.104780227
0.104435861
0.103246465
0.107138664
0.117470331
0.102605715
0.106939048
0.106733352
0.099333860
0.098726034
0.100970931
0.105436519
0.106522441
0.102777451
0.101398565
0.103138737
0.101419196
0.100522928
0.097831696
0.100138567
0.109807029
0.110145904
0.101834796
0.099998593
0.097800404
0.103611626
0.099614657
0.102545194
0.110859476
0.104897186
0.095484637
0.099264406
0.100818977
0.098700814
0.104172520
0.100689761
0.104636796
0.097984038
0.100851990
0.101545617
0.099697948
0.100118205
0.100812405
0.098106161
0.096559398
0.102883510
0.097966053
0.096677840
0.101227015
0.099265657
0.105186120
0.105183847
0.101644143
0.100520812
0.097990170
0.097810850
0.103291556
0.101198681
0.101551950
0.102155142
0.102270655
0.111037284
0.100856714
0.101044267
0.100358874
0.111333095
0.096876331
0.100416340
0.099808432
0.103546672
0.100368865
0.103071757
0.095480442
0.104039975
0.107486755
0.100473002
0.101386912
0.100039817
0.103217863
0.103289478
0.104023516
0.104614459
0.096998684
