2006.500000000	2.140600000	0.308727273	77.521900000	10.564900000	2080.417100000	712.442200000	0.020170789	8.560200000
2007.000000000	2.146000000	0.305454545	67.980300000	11.545990000	2059.291500000	700.400600000	0.013273810	8.669600000
2014.000000000	2.119400000	0.321575758	70.810700000	0.844820000	2061.679700000	726.706900000	0.003656238	9.121200000
2014.500000000	2.121100000	0.320545455	70.573900000	2.453950000	2080.100000000	722.753200000	0.019483834	8.697300000
2014.500000000	2.134100000	0.312666667	70.573900000	2.453950000	2080.100000000	722.753200000	0.013326226	8.697300000
2015.000000000	2.166200000	0.293212121	72.215100000	6.222540000	2081.316500000	727.441800000	0.013683340	9.815800000
2017.000000000	2.101400000	0.332484848	65.438100000	5.589200000	2279.071700000	832.659600000	0.360271600	9.259400000
2017.000000000	2.092000000	0.338181818	65.438100000	5.589200000	2279.071700000	832.659600000	0.391451613	9.259400000
2017.000000000	2.082400000	0.344000000	65.438100000	5.589200000	2279.071700000	832.659600000	0.407558140	9.259400000
2017.500000000	2.072400000	0.350060606	51.018400000	5.446910000	2338.601200000	832.283300000	0.423242729	9.434500000
2017.500000000	2.062900000	0.355818182	51.018400000	5.446910000	2338.601200000	832.283300000	0.433980583	9.434500000
2017.500000000	2.060000000	0.357575758	51.018400000	5.446910000	2338.601200000	832.283300000	0.424737288	9.434500000
2018.000000000	2.069100000	0.352060606	56.253400000	5.936410000	2424.648400000	852.561900000	0.403511792	8.618900000
2018.000000000	2.086800000	0.341333333	56.253400000	5.936410000	2424.648400000	852.561900000	0.371289063	8.618900000
2018.000000000	2.104300000	0.330727273	56.253400000	5.936410000	2424.648400000	852.561900000	0.334194612	8.618900000
2018.500000000	2.108700000	0.328060606	50.463500000	10.908230000	2439.103800000	869.446000000	0.311407722	8.734100000
2018.500000000	2.100200000	0.333212121	50.463500000	10.908230000	2439.103800000	869.446000000	0.308548563	8.734100000
2018.500000000	2.093000000	0.337575758	50.463500000	10.908230000	2439.103800000	869.446000000	0.315116697	8.734100000
2019.000000000	2.091000000	0.338787879	49.949100000	13.510950000	2426.121700000	852.280800000	0.314910555	8.757200000
2019.000000000	2.088300000	0.340424242	49.949100000	13.510950000	2426.121700000	852.280800000	0.319966174	8.757200000
2019.000000000	2.086600000	0.341454545	49.949100000	13.510950000	2426.121700000	852.280800000	0.336661342	8.757200000
2019.500000000	2.083700000	0.343212121	43.271900000	15.901170000	2442.814300000	846.589200000	0.354917888	8.877000000
2019.500000000	2.078300000	0.346484848	43.271900000	15.901170000	2442.814300000	846.589200000	0.375730278	8.877000000
2019.500000000	2.078600000	0.346303030	43.271900000	15.901170000	2442.814300000	846.589200000	0.391284564	8.877000000
2020.000000000	2.082600000	0.343878788	40.054800000	20.474610000	2436.712000000	868.241200000	0.402987311	8.614300000
2020.000000000	2.083600000	0.343272727	40.054800000	20.474610000	2436.712000000	868.241200000	0.415333686	8.614300000
2020.000000000	2.092200000	0.338060606	40.054800000	20.474610000	2436.712000000	868.241200000	0.410756544	8.614300000
2020.500000000	2.105100000	0.330242424	47.243200000	21.868330000	2465.842900000	882.486700000	0.401348871	8.466100000
2020.500000000	2.104800000	0.330424242	47.243200000	21.868330000	2465.842900000	882.486700000	0.401073001	8.466100000
2020.500000000	2.087900000	0.340666667	47.243200000	21.868330000	2465.842900000	882.486700000	0.402348337	8.466100000
2021.000000000	2.068800000	0.352242424	42.914300000	21.454120000	2514.518100000	888.352800000	0.405806951	8.416200000
2021.000000000	2.061900000	0.356424242	42.914300000	21.454120000	2514.518100000	888.352800000	0.396225132	8.416200000
2021.000000000	2.064000000	0.355151515	42.914300000	21.454120000	2514.518100000	888.352800000	0.376040956	8.416200000
2021.500000000	2.054100000	0.361151515	39.871300000	20.790470000	2503.919400000	895.539800000	0.368686021	8.439300000
2021.500000000	2.044000000	0.367272727	39.871300000	20.790470000	2503.919400000	895.539800000	0.372400990	8.439300000
2021.500000000	2.067600000	0.352969697	39.871300000	20.790470000	2503.919400000	895.539800000	0.373883929	8.439300000
2022.000000000	2.095000000	0.336363636	35.683700000	21.410950000	2533.412500000	943.419100000	0.371216216	8.508400000
2022.000000000	2.076400000	0.347636364	35.683700000	21.410950000	2533.412500000	943.419100000	0.421809623	8.508400000
2022.000000000	2.036800000	0.371636364	35.683700000	21.410950000	2533.412500000	943.419100000	0.496550881	8.508400000
2022.500000000	2.110800000	0.326787879	41.816300000	17.152790000	2651.860800000	1030.320400000	0.510079748	8.430000000
2022.500000000	2.208200000	0.267757576	41.816300000	17.152790000	2651.860800000	1030.320400000	0.441659122	8.430000000
2023.000000000	2.296300000	0.214363636	31.153400000	18.573440000	2794.240000000	1112.493600000	0.352035623	8.377800000
2023.000000000	2.344700000	0.185030303	31.153400000	18.573440000	2794.240000000	1112.493600000	0.296871929	8.377800000
2023.000000000	2.346100000	0.184181818	31.153400000	18.573440000	2794.240000000	1112.493600000	0.311006910	8.377800000
2023.500000000	2.320800000	0.199515152	21.991500000	28.926550000	2923.601100000	1162.158100000	0.380498177	8.416200000
2023.500000000	2.280100000	0.224181818	21.991500000	28.926550000	2923.601100000	1162.158100000	0.452676399	8.416200000
2023.500000000	2.216800000	0.262545455	21.991500000	28.926550000	2923.601100000	1162.158100000	0.507894737	8.416200000
2024.000000000	2.141000000	0.308484848	26.912700000	56.878090000	2983.308200000	1209.455300000	0.559783890	8.600500000
2024.000000000	2.082000000	0.344242424	26.912700000	56.878090000	2983.308200000	1209.455300000	0.589823944	8.600500000
2024.000000000	2.047800000	0.364969697	26.912700000	56.878090000	2983.308200000	1209.455300000	0.608460644	8.600500000
2024.500000000	2.027000000	0.377575758	34.781300000	84.284800000	2985.627800000	1239.070100000	0.616765650	8.433500000
2024.500000000	2.013600000	0.385696970	34.781300000	84.284800000	2985.627800000	1239.070100000	0.623279384	8.433500000
2024.500000000	2.007000000	0.389696970	34.781300000	84.284800000	2985.627800000	1239.070100000	0.634587869	8.433500000
2025.000000000	2.004000000	0.391515152	28.513400000	98.194150000	2986.681900000	1226.763500000	0.643436533	8.341300000
2025.000000000	2.000000000	0.393939394	28.513400000	98.194150000	2986.681900000	1226.763500000	0.655276923	8.341300000
2025.000000000	1.987500000	0.401515152	28.513400000	98.194150000	2986.681900000	1226.763500000	0.678218868	8.341300000
2025.500000000	1.973800000	0.409818182	32.652900000	118.077900000	2994.804800000	1227.550600000	0.700842946	8.609700000
2025.500000000	1.977100000	0.407818182	32.652900000	118.077900000	2994.804800000	1227.550600000	0.716540348	8.609700000
2025.500000000	1.991600000	0.399030303	32.652900000	118.077900000	2994.804800000	1227.550600000	0.731599332	8.609700000
2026.000000000	1.997600000	0.395393939	30.495800000	128.940110000	3013.390900000	1249.726200000	0.750628449	8.450800000
2026.000000000	1.997400000	0.395515152	30.495800000	128.940110000	3013.390900000	1249.726200000	0.762588109	8.450800000
2026.000000000	1.991500000	0.399090909	30.495800000	128.940110000	3013.390900000	1249.726200000	0.746924829	8.450800000
2026.500000000	1.985200000	0.402909091	34.615400000	125.363000000	3025.834300000	1275.765600000	0.731949458	8.427700000
2026.500000000	1.981600000	0.405090909	34.615400000	125.363000000	3025.834300000	1275.765600000	0.713150808	8.427700000
2026.500000000	1.977800000	0.407393939	34.615400000	125.363000000	3025.834300000	1275.765600000	0.686544183	8.427700000
2027.000000000	1.972900000	0.410363636	34.310800000	116.387000000	3014.797100000	1253.269800000	0.660544971	8.407000000
2027.000000000	1.966300000	0.414363636	34.310800000	116.387000000	3014.797100000	1253.269800000	0.637999122	8.407000000
2027.000000000	1.949900000	0.424303030	34.310800000	116.387000000	3014.797100000	1253.269800000	0.627388944	8.407000000
2027.500000000	1.902900000	0.452787879	31.166000000	109.748420000	3013.239900000	1207.956300000	0.633161558	8.535200000
2027.500000000	1.801100000	0.514484848	31.166000000	109.748420000	3013.239900000	1207.956300000	0.665296266	8.535200000
2027.500000000	1.701800000	0.574666667	31.166000000	109.748420000	3013.239900000	1207.956300000	0.700348028	8.535200000
2028.000000000	1.704000000	0.573333333	29.904200000	86.889510000	2977.510700000	1184.341600000	0.699825581	8.692700000
2028.000000000	1.818300000	0.504060606	29.904200000	86.889510000	2977.510700000	1184.341600000	0.662937357	8.692700000
2028.000000000	1.941400000	0.429454545	29.904200000	86.889510000	2977.510700000	1184.341600000	0.625338696	8.692700000
2028.500000000	1.980700000	0.405636364	29.424200000	67.040440000	2920.470600000	1173.873500000	0.625773196	8.476100000
2028.500000000	1.969600000	0.412363636	29.424200000	67.040440000	2920.470600000	1173.873500000	0.652976190	8.476100000
2028.500000000	1.968000000	0.413333333	29.424200000	67.040440000	2920.470600000	1173.873500000	0.672177419	8.476100000
2029.000000000	1.977500000	0.407575758	37.198200000	61.063010000	2843.451200000	1156.671000000	0.686193309	8.545200000
2029.000000000	1.992100000	0.398727273	37.198200000	61.063010000	2843.451200000	1156.671000000	0.693524852	8.545200000
2029.000000000	1.990600000	0.399636364	37.198200000	61.063010000	2843.451200000	1156.671000000	0.693221110	8.545200000
2029.500000000	1.952800000	0.422545455	35.050300000	62.330020000	2727.288800000	1125.855500000	0.708907057	8.496800000
2029.500000000	1.888100000	0.461757576	35.050300000	62.330020000	2727.288800000	1125.855500000	0.732110513	8.496800000
2029.500000000	1.851600000	0.483878788	35.050300000	62.330020000	2727.288800000	1125.855500000	0.741257515	8.496800000
2030.000000000	1.833300000	0.494969697	35.602200000	57.596940000	2703.468800000	1109.978200000	0.743822701	8.489200000
2030.000000000	1.838200000	0.492000000	35.602200000	57.596940000	2703.468800000	1109.978200000	0.740040650	8.489200000
2030.000000000	1.885900000	0.463090909	35.602200000	57.596940000	2703.468800000	1109.978200000	0.724460149	8.489200000
2030.500000000	1.947200000	0.425939394	41.818600000	53.853590000	2847.647800000	1116.472100000	0.701131190	8.480700000
2030.500000000	2.003500000	0.391818182	41.818600000	53.853590000	2847.647800000	1116.472100000	0.676380510	8.480700000
2030.500000000	2.023400000	0.379757576	41.818600000	53.853590000	2847.647800000	1116.472100000	0.669262688	8.480700000
2031.000000000	2.031000000	0.375151515	35.098100000	55.787570000	3018.163600000	1119.553800000	0.668400646	8.609700000
2031.000000000	2.033600000	0.373575758	35.098100000	55.787570000	3018.163600000	1119.553800000	0.669946463	8.609700000
2031.000000000	2.031800000	0.374666667	35.098100000	55.787570000	3018.163600000	1119.553800000	0.673309609	8.609700000
2031.500000000	2.025900000	0.378242424	41.063500000	63.664720000	2976.182900000	1114.472000000	0.678777440	8.513000000
2031.500000000	2.014500000	0.385151515	41.063500000	63.664720000	2976.182900000	1114.472000000	0.685837923	8.513000000
2031.500000000	2.004900000	0.390969697	41.063500000	63.664720000	2976.182900000	1114.472000000	0.688211130	8.513000000
2032.000000000	2.001700000	0.392909091	31.881200000	76.082600000	2888.887600000	1106.813800000	0.687714021	8.471500000
2032.000000000	2.009000000	0.388484848	31.881200000	76.082600000	2888.887600000	1106.813800000	0.681326053	8.471500000
2032.000000000	2.023800000	0.379515152	31.881200000	76.082600000	2888.887600000	1106.813800000	0.669578409	8.471500000
2032.500000000	2.031400000	0.374909091	41.930200000	62.819750000	2849.487300000	1097.204200000	0.660984481	8.439300000
2032.500000000	2.026000000	0.378181818	41.930200000	62.819750000	2849.487300000	1097.204200000	0.659158654	8.439300000
2032.500000000	2.024100000	0.379333333	41.930200000	62.819750000	2849.487300000	1097.204200000	0.653075571	8.439300000
2033.000000000	2.037300000	0.371333333	42.097300000	49.333780000	2841.130200000	1092.246300000	0.638330341	8.566000000
2033.000000000	2.052900000	0.361878788	42.097300000	49.333780000	2841.130200000	1092.246300000	0.619762184	8.566000000
2033.000000000	2.051900000	0.362484848	42.097300000	49.333780000	2841.130200000	1092.246300000	0.606052500	8.566000000
2033.500000000	2.025800000	0.378303030	42.386200000	41.146380000	2839.425200000	1087.167400000	0.608514899	8.542900000
2033.500000000	1.978700000	0.406848485	42.386200000	41.146380000	2839.425200000	1087.167400000	0.624430210	8.542900000
2033.500000000	1.947900000	0.425515152	42.386200000	41.146380000	2839.425200000	1087.167400000	0.634090585	8.542900000
2034.000000000	1.948000000	0.425454545	38.284300000	35.459640000	2777.939000000	1074.824500000	0.627222222	8.445800000
2034.000000000	1.930900000	0.435818182	38.284300000	35.459640000	2777.939000000	1074.824500000	0.626220275	8.445800000
2034.000000000	1.866700000	0.474727273	38.284300000	35.459640000	2777.939000000	1074.824500000	0.638529299	8.445800000
2034.500000000	1.835300000	0.493757576	37.975200000	32.580050000	2719.059100000	1069.851500000	0.635043574	8.563700000
2034.500000000	1.886400000	0.462787879	37.975200000	32.580050000	2719.059100000	1069.851500000	0.592253798	8.563700000
2034.500000000	1.919200000	0.442909091	37.975200000	32.580050000	2719.059100000	1069.851500000	0.555890805	8.563700000
2035.000000000	1.881300000	0.465878788	35.240100000	31.712710000	2638.150000000	1087.664000000	0.560615325	8.554400000
2035.000000000	1.835900000	0.493393939	35.240100000	31.712710000	2638.150000000	1087.664000000	0.571944479	8.554400000
2035.000000000	1.844000000	0.488484848	35.240100000	31.712710000	2638.150000000	1087.664000000	0.562934243	8.554400000
2035.500000000	1.902300000	0.453151515	40.386300000	38.386220000	2628.673000000	1105.632400000	0.523779591	8.439300000
2035.500000000	1.957700000	0.419575758	40.386300000	38.386220000	2628.673000000	1105.632400000	0.485670952	8.439300000
2035.500000000	1.990300000	0.399818182	40.386300000	38.386220000	2628.673000000	1105.632400000	0.477012278	8.439300000
2036.000000000	1.976400000	0.408242424	37.659700000	48.761570000	2780.069700000	1128.228800000	0.504461105	8.612000000
2036.000000000	1.899800000	0.454666667	37.659700000	48.761570000	2780.069700000	1128.228800000	0.570894428	8.612000000
2036.000000000	1.852100000	0.483575758	37.659700000	48.761570000	2780.069700000	1128.228800000	0.614744956	8.612000000
2036.500000000	1.894800000	0.457696970	37.820000000	53.003820000	2872.390100000	1141.725400000	0.611970339	8.504500000
2036.500000000	1.961100000	0.417515152	37.820000000	53.003820000	2872.390100000	1141.725400000	0.592350123	8.504500000
2036.500000000	2.006700000	0.389878788	37.820000000	53.003820000	2872.390100000	1141.725400000	0.572174724	8.504500000
2037.000000000	2.002100000	0.392666667	44.508400000	59.624190000	2813.240400000	1127.294400000	0.583616299	8.389300000
2037.000000000	2.000900000	0.393393939	44.508400000	59.624190000	2813.240400000	1127.294400000	0.587436450	8.389300000
2037.000000000	2.005800000	0.390424242	44.508400000	59.624190000	2813.240400000	1127.294400000	0.569954983	8.389300000
2037.500000000	2.012200000	0.386545455	44.769500000	61.330730000	2757.856400000	1096.102800000	0.551411101	8.609700000
2037.500000000	2.016700000	0.383818182	44.769500000	61.330730000	2757.856400000	1096.102800000	0.530767409	8.609700000
2037.500000000	2.012000000	0.386666667	44.769500000	61.330730000	2757.856400000	1096.102800000	0.508103448	8.609700000
2038.000000000	1.985100000	0.402969697	45.329800000	63.362220000	2745.393200000	1067.845000000	0.502940292	8.462300000
2038.000000000	1.918600000	0.443272727	45.329800000	63.362220000	2745.393200000	1067.845000000	0.530086136	8.462300000
2038.000000000	1.801300000	0.514363636	45.329800000	63.362220000	2745.393200000	1067.845000000	0.591145281	8.462300000
2038.500000000	1.699300000	0.576181818	42.588600000	50.139260000	2760.740000000	1051.629600000	0.631713474	8.545200000
2038.500000000	1.700000000	0.575757576	42.588600000	50.139260000	2760.740000000	1051.629600000	0.636131579	8.545200000
2038.500000000	1.777100000	0.529030303	42.588600000	50.139260000	2760.740000000	1051.629600000	0.636126704	8.545200000
2039.000000000	1.853600000	0.482666667	36.449200000	50.415450000	2759.572300000	1046.459700000	0.636187845	8.612000000
2039.000000000	1.840800000	0.490424242	36.449200000	50.415450000	2759.572300000	1046.459700000	0.672120613	8.612000000
2039.000000000	1.786000000	0.523636364	36.449200000	50.415450000	2759.572300000	1046.459700000	0.708194444	8.612000000
2039.500000000	1.742300000	0.550121212	36.907300000	56.613000000	2784.099400000	1043.173500000	0.736785281	8.476100000
2039.500000000	1.785200000	0.524121212	36.907300000	56.613000000	2784.099400000	1043.173500000	0.734794172	8.476100000
2039.500000000	1.892000000	0.459393939	36.907300000	56.613000000	2784.099400000	1043.173500000	0.694815303	8.476100000
2040.000000000	1.999300000	0.394363636	43.318600000	65.731070000	2810.575500000	1048.130400000	0.641447672	8.572900000
2040.000000000	2.013700000	0.385636364	43.318600000	65.731070000	2810.575500000	1048.130400000	0.628147100	8.572900000
2040.000000000	2.004700000	0.391090909	43.318600000	65.731070000	2810.575500000	1048.130400000	0.621571362	8.572900000
2040.500000000	1.971400000	0.411272727	42.570300000	72.690640000	2817.843100000	1054.973100000	0.628956676	8.604400000
2040.500000000	1.915700000	0.445030303	42.570300000	72.690640000	2817.843100000	1054.973100000	0.651259703	8.604400000
2040.500000000	1.875600000	0.469333333	42.570300000	72.690640000	2817.843100000	1054.973100000	0.677627841	8.604400000
2041.000000000	1.902100000	0.453272727	40.243900000	72.934550000	2789.938000000	1066.204000000	0.674809467	8.504500000
2041.000000000	1.966700000	0.414121212	40.243900000	72.934550000	2789.938000000	1066.204000000	0.656863749	8.504500000
2041.000000000	2.024400000	0.379151515	40.243900000	72.934550000	2789.938000000	1066.204000000	0.651854220	8.504500000
2041.500000000	2.036600000	0.371757576	38.726300000	71.556850000	2734.888600000	1077.550100000	0.671829149	8.692700000
2041.500000000	2.035300000	0.372545455	38.726300000	71.556850000	2734.888600000	1077.550100000	0.693460225	8.692700000
2041.500000000	2.030400000	0.375515152	38.726300000	71.556850000	2734.888600000	1077.550100000	0.698281149	8.692700000
2042.000000000	2.012200000	0.386545455	50.432800000	72.445880000	2732.073200000	1062.696500000	0.709219191	8.632800000
2042.000000000	1.996300000	0.396181818	50.432800000	72.445880000	2732.073200000	1062.696500000	0.717806333	8.632800000
2042.000000000	1.997700000	0.395333333	50.432800000	72.445880000	2732.073200000	1062.696500000	0.716441821	8.632800000
2042.500000000	2.009400000	0.388242424	45.740400000	65.141560000	2764.025400000	1077.394200000	0.710490165	8.466100000
2042.500000000	2.020000000	0.381818182	45.740400000	65.141560000	2764.025400000	1077.394200000	0.705880952	8.466100000
2042.500000000	2.027700000	0.377151515	45.740400000	65.141560000	2764.025400000	1077.394200000	0.707279447	8.466100000
2043.000000000	2.035500000	0.372424242	44.884000000	56.184250000	2795.649600000	1116.725200000	0.708397071	8.729500000
2043.000000000	2.039800000	0.369818182	44.884000000	56.184250000	2795.649600000	1116.725200000	0.712020649	8.729500000
2043.000000000	2.040500000	0.369393939	44.884000000	56.184250000	2795.649600000	1116.725200000	0.719811321	8.729500000
2043.500000000	2.035100000	0.372666667	44.500300000	51.239370000	2828.028300000	1125.266700000	0.730322004	8.539100000
2043.500000000	2.028100000	0.376909091	44.500300000	51.239370000	2828.028300000	1125.266700000	0.739725036	8.539100000
2043.500000000	2.022900000	0.380060606	44.500300000	51.239370000	2828.028300000	1125.266700000	0.743988200	8.539100000
2044.000000000	2.016800000	0.383757576	41.203700000	54.879360000	2846.854100000	1111.524200000	0.748799747	8.480700000
2044.000000000	2.015700000	0.384424242	41.203700000	54.879360000	2846.854100000	1111.524200000	0.750536024	8.480700000
2044.000000000	2.023800000	0.379515152	41.203700000	54.879360000	2846.854100000	1111.524200000	0.746518684	8.480700000
2044.500000000	2.032200000	0.374424242	48.797400000	53.985080000	2873.194800000	1102.914000000	0.742270961	8.724900000
2044.500000000	2.035000000	0.372727273	48.797400000	53.985080000	2873.194800000	1102.914000000	0.739219512	8.724900000
2044.500000000	2.028800000	0.376484848	48.797400000	53.985080000	2873.194800000	1102.914000000	0.737306825	8.724900000
2045.000000000	2.020100000	0.381757576	44.632900000	63.114640000	2919.271000000	1115.760100000	0.736481981	8.481500000
2045.000000000	2.012500000	0.386363636	44.632900000	63.114640000	2919.271000000	1115.760100000	0.734188235	8.481500000
2045.000000000	2.009200000	0.388363636	44.632900000	63.114640000	2919.271000000	1115.760100000	0.726544944	8.481500000
2045.500000000	2.008100000	0.389030303	43.710900000	72.548970000	2930.880800000	1131.910300000	0.718273874	8.523700000
2045.500000000	2.013100000	0.386000000	43.710900000	72.548970000	2930.880800000	1131.910300000	0.705699482	8.523700000
2045.500000000	2.023800000	0.379515152	43.710900000	72.548970000	2930.880800000	1131.910300000	0.685124561	8.523700000
2046.000000000	2.035500000	0.372424242	43.953200000	70.068890000	2870.968100000	1132.950100000	0.663287225	8.608200000
2046.000000000	2.039800000	0.369818182	43.953200000	70.068890000	2870.968100000	1132.950100000	0.645771878	8.608200000
2046.000000000	2.036500000	0.371818182	43.953200000	70.068890000	2870.968100000	1132.950100000	0.634498778	8.608200000
2046.500000000	2.024600000	0.379030303	48.285100000	67.353060000	2804.927200000	1123.329000000	0.628525744	8.485300000
2046.500000000	2.016400000	0.384000000	48.285100000	67.353060000	2804.927200000	1123.329000000	0.623437500	8.485300000
2046.500000000	2.019300000	0.382242424	48.285100000	67.353060000	2804.927200000	1123.329000000	0.620659585	8.485300000
2047.000000000	2.026000000	0.378181818	46.795000000	68.453250000	2801.185300000	1115.398100000	0.615528846	8.623600000
2047.000000000	2.033000000	0.373939394	46.795000000	68.453250000	2801.185300000	1115.398100000	0.612771475	8.623600000
2047.000000000	2.037500000	0.371212121	46.795000000	68.453250000	2801.185300000	1115.398100000	0.619893878	8.623600000
2047.500000000	2.037900000	0.370969697	40.378500000	69.276840000	2824.158900000	1116.118100000	0.629619343	8.462300000
2047.500000000	2.033700000	0.373515152	40.378500000	69.276840000	2824.158900000	1116.118100000	0.643387960	8.462300000
2047.500000000	2.030900000	0.375212121	40.378500000	69.276840000	2824.158900000	1116.118100000	0.660991762	8.462300000
2048.000000000	2.033000000	0.373939394	43.443800000	66.093240000	2816.585700000	1119.704600000	0.675615883	8.416200000
2048.000000000	2.035900000	0.372181818	43.443800000	66.093240000	2816.585700000	1119.704600000	0.689130435	8.416200000
2048.000000000	2.035800000	0.372242424	43.443800000	66.093240000	2816.585700000	1119.704600000	0.701538587	8.416200000
2048.500000000	2.032100000	0.374484848	41.177300000	64.793370000	2786.027600000	1114.266200000	0.715609322	8.416200000
2048.500000000	2.025500000	0.378484848	41.177300000	64.793370000	2786.027600000	1114.266200000	0.727069656	8.416200000
2048.500000000	2.024100000	0.379333333	41.177300000	64.793370000	2786.027600000	1114.266200000	0.724780316	8.416200000
2049.000000000	2.025100000	0.378727273	40.982000000	65.594120000	2764.565700000	1099.572000000	0.721435430	8.420800000
2049.000000000	2.016900000	0.383696970	40.982000000	65.594120000	2764.565700000	1099.572000000	0.720352235	8.420800000
2049.000000000	2.006400000	0.390060606	40.982000000	65.594120000	2764.565700000	1099.572000000	0.714659727	8.420800000
2049.500000000	2.000900000	0.393393939	45.253100000	68.336050000	2726.398200000	1070.012900000	0.706909567	8.566000000
2049.500000000	2.001800000	0.392848485	45.253100000	68.336050000	2726.398200000	1070.012900000	0.695556927	8.566000000
2049.500000000	2.007000000	0.389696970	45.253100000	68.336050000	2726.398200000	1070.012900000	0.680007776	8.566000000
2050.000000000	2.008000000	0.389090909	37.873600000	71.597210000	2671.214000000	1030.489800000	0.666144860	8.443900000
2050.000000000	2.008600000	0.388727273	37.873600000	71.597210000	2671.214000000	1030.489800000	0.652712816	8.443900000
2050.000000000	2.016000000	0.384242424	37.873600000	71.597210000	2671.214000000	1030.489800000	0.635386435	8.443900000
2050.500000000	2.029300000	0.376181818	39.950600000	62.537430000	2601.462600000	1006.710900000	0.614016433	8.605100000
2050.500000000	2.041300000	0.368909091	39.950600000	62.537430000	2601.462600000	1006.710900000	0.593395761	8.605100000
2050.500000000	2.048400000	0.364606061	39.950600000	62.537430000	2601.462600000	1006.710900000	0.577077793	8.605100000
2051.000000000	2.053800000	0.361333333	45.436100000	43.016880000	2554.793300000	977.278600000	0.561900369	8.430000000
2051.000000000	2.061200000	0.356848485	45.436100000	43.016880000	2554.793300000	977.278600000	0.546306046	8.430000000
2051.000000000	2.065200000	0.354424242	45.436100000	43.016880000	2554.793300000	977.278600000	0.538688440	8.430000000
2051.500000000	2.065200000	0.354424242	40.169600000	36.731540000	2530.238100000	944.609500000	0.533891929	8.660400000
2051.500000000	2.062500000	0.356060606	40.169600000	36.731540000	2530.238100000	944.609500000	0.532663830	8.660400000
2051.500000000	2.060700000	0.357151515	40.169600000	36.731540000	2530.238100000	944.609500000	0.534091295	8.660400000
2052.000000000	2.057300000	0.359212121	46.510400000	32.187730000	2516.165000000	929.167800000	0.536485574	8.366300000
2052.000000000	2.052600000	0.362060606	46.510400000	32.187730000	2516.165000000	929.167800000	0.540960830	8.366300000
2052.000000000	2.043000000	0.367878788	46.510400000	32.187730000	2516.165000000	929.167800000	0.550939044	8.366300000
2052.500000000	2.030400000	0.375515152	44.385100000	28.811110000	2525.216500000	926.149500000	0.563000323	8.678800000
2052.500000000	2.022300000	0.380424242	44.385100000	28.811110000	2525.216500000	926.149500000	0.571793851	8.678800000
2052.500000000	2.023300000	0.379818182	44.385100000	28.811110000	2525.216500000	926.149500000	0.575059837	8.678800000
2053.000000000	2.030300000	0.375575758	42.695100000	29.095010000	2531.145400000	931.381400000	0.574253671	8.458500000
2053.000000000	2.038800000	0.370424242	42.695100000	29.095010000	2531.145400000	931.381400000	0.572112238	8.458500000
2053.000000000	2.043200000	0.367757576	42.695100000	29.095010000	2531.145400000	931.381400000	0.571728741	8.458500000
2053.500000000	2.047000000	0.365454545	42.217900000	31.720620000	2541.274700000	937.496000000	0.571766169	8.443100000
2053.500000000	2.051700000	0.362606061	42.217900000	31.720620000	2541.274700000	937.496000000	0.572263079	8.443100000
2053.500000000	2.044800000	0.366787879	42.217900000	31.720620000	2541.274700000	937.496000000	0.584228354	8.443100000
2054.000000000	2.023000000	0.380000000	36.923200000	35.013960000	2552.726200000	941.562600000	0.605789474	8.665000000
2054.000000000	2.006400000	0.390060606	36.923200000	35.013960000	2552.726200000	941.562600000	0.622879117	8.665000000
2054.000000000	2.011900000	0.386727273	36.923200000	35.013960000	2552.726200000	941.562600000	0.626610249	8.665000000
2054.500000000	2.033200000	0.373818182	41.900900000	31.972370000	2553.398700000	943.921600000	0.620938716	8.427700000
2054.500000000	2.051600000	0.362666667	41.900900000	31.972370000	2553.398700000	943.921600000	0.616727941	8.427700000
2054.500000000	2.060700000	0.357151515	41.900900000	31.972370000	2553.398700000	943.921600000	0.617249279	8.427700000
2055.000000000	2.063200000	0.355636364	39.510400000	34.389760000	2550.976200000	936.493400000	0.622085890	8.678800000
2055.000000000	2.064100000	0.355090909	39.510400000	34.389760000	2550.976200000	936.493400000	0.626574501	8.678800000
2055.000000000	2.062600000	0.356000000	39.510400000	34.389760000	2550.976200000	936.493400000	0.628089888	8.678800000
2055.500000000	2.057500000	0.359090909	42.483500000	33.352330000	2539.984300000	927.609500000	0.632126582	8.434600000
2055.500000000	2.056500000	0.359696970	42.483500000	33.352330000	2539.984300000	927.609500000	0.630244313	8.434600000
2055.500000000	2.061400000	0.356727273	42.483500000	33.352330000	2539.984300000	927.609500000	0.613990826	8.434600000
2056.000000000	2.066900000	0.353393939	43.648800000	34.770060000	2491.227000000	915.119700000	0.597050249	8.540600000
2056.000000000	2.068700000	0.352303030	43.648800000	34.770060000	2491.227000000	915.119700000	0.577352486	8.540600000
2056.000000000	2.062100000	0.356303030	43.648800000	34.770060000	2491.227000000	915.119700000	0.547295458	8.540600000
2056.500000000	2.055600000	0.360242424	49.253000000	39.875690000	2444.329600000	889.552200000	0.517824697	8.425400000
2056.500000000	2.052800000	0.361939394	49.253000000	39.875690000	2444.329600000	889.552200000	0.488035834	8.425400000
2056.500000000	2.051600000	0.362666667	49.253000000	39.875690000	2444.329600000	889.552200000	0.464522059	8.425400000
2057.000000000	2.058500000	0.358484848	51.118700000	42.449280000	2420.905400000	866.308600000	0.433169907	8.462300000
2057.000000000	2.071200000	0.350787879	51.118700000	42.449280000	2420.905400000	866.308600000	0.398496890	8.462300000
2057.000000000	2.079900000	0.345515152	51.118700000	42.449280000	2420.905400000	866.308600000	0.377451324	8.462300000
2057.500000000	2.087600000	0.340848485	46.596600000	33.994290000	2411.350200000	845.020700000	0.356899004	8.407000000
2057.500000000	2.092100000	0.338121212	46.596600000	33.994290000	2411.350200000	845.020700000	0.343726474	8.407000000
2057.500000000	2.089900000	0.339454545	46.596600000	33.994290000	2411.350200000	845.020700000	0.350428495	8.407000000
2058.000000000	2.087400000	0.340969697	49.672900000	23.335040000	2411.323200000	832.931500000	0.357420903	8.377800000
2058.000000000	2.089600000	0.339636364	49.672900000	23.335040000	2411.323200000	832.931500000	0.362847966	8.377800000
2058.000000000	2.090500000	0.339090909	49.672900000	23.335040000	2411.323200000	832.931500000	0.381581769	8.377800000
2058.500000000	2.092600000	0.337818182	48.937100000	13.573540000	2417.744100000	832.919400000	0.399085038	8.628200000
2058.500000000	2.095500000	0.336060606	48.937100000	13.573540000	2417.744100000	832.919400000	0.406357078	8.628200000
2058.500000000	2.096300000	0.335575758	48.937100000	13.573540000	2417.744100000	832.919400000	0.386427668	8.628200000
2059.000000000	2.089900000	0.339454545	48.415900000	9.594380000	2385.283600000	821.998600000	0.374290305	8.416200000
2059.000000000	2.074700000	0.348666667	48.415900000	9.594380000	2385.283600000	821.998600000	0.363575526	8.416200000
2059.000000000	2.050800000	0.363151515	48.415900000	9.594380000	2385.283600000	821.998600000	0.338017356	8.416200000
2059.500000000	2.032100000	0.374484848	46.317200000	14.672690000	2344.772300000	796.264700000	0.308116200	8.586700000
2059.500000000	2.031500000	0.374848485	46.317200000	14.672690000	2344.772300000	796.264700000	0.262368634	8.586700000
2059.500000000	2.033100000	0.373878788	46.317200000	14.672690000	2344.772300000	796.264700000	0.224882477	8.586700000
2060.000000000	2.021000000	0.381212121	42.116500000	22.526040000	2303.105300000	774.556400000	0.204904610	8.485300000
2060.000000000	1.996700000	0.395939394	42.116500000	22.526040000	2303.105300000	774.556400000	0.208212154	8.485300000
2060.000000000	2.002500000	0.392424242	42.116500000	22.526040000	2303.105300000	774.556400000	0.197042471	8.485300000
2060.500000000	2.054600000	0.360848485	47.460700000	22.845090000	2195.934300000	765.022900000	0.122623446	8.250300000
2060.500000000	2.094700000	0.336545455	47.460700000	22.845090000	2195.934300000	765.022900000	0.060453809	8.250300000
2060.500000000	2.121700000	0.320181818	47.460700000	22.845090000	2195.934300000	765.022900000	0.031175468	8.250300000
2061.000000000	2.136800000	0.311030303	56.548400000	12.939570000	2118.004100000	748.697500000	0.021960249	8.462300000
2061.000000000	2.135600000	0.311757576	56.548400000	12.939570000	2118.004100000	748.697500000	0.036110031	8.462300000
2061.000000000	2.130200000	0.315030303	56.548400000	12.939570000	2118.004100000	748.697500000	0.035013467	8.462300000
2061.500000000	2.136900000	0.310969697	53.347900000	10.173310000	2099.023800000	729.424900000	0.010836094	8.337900000
2067.000000000	2.023700000	0.379575758	48.775400000	9.080040000	1999.706300000	698.218300000	0.023910267	8.393200000
2067.000000000	2.020300000	0.381636364	48.775400000	9.080040000	1999.706300000	698.218300000	0.064816579	8.393200000
2067.000000000	2.020000000	0.381818182	48.775400000	9.080040000	1999.706300000	698.218300000	0.096166667	8.393200000
2067.500000000	2.080800000	0.344969697	53.708700000	8.652230000	2014.926700000	700.930900000	0.033828180	8.485300000
2073.500000000	2.053700000	0.361393939	65.038200000	9.253710000	2084.706500000	739.626000000	0.009667952	8.499200000
2075.500000000	2.078800000	0.346181818	54.022700000	9.625450000	2063.680200000	739.394000000	0.069852941	8.531400000
2075.500000000	2.078900000	0.346121212	54.022700000	9.625450000	2063.680200000	739.394000000	0.095114691	8.531400000
2076.000000000	2.131100000	0.314484848	53.951000000	9.730310000	2077.516900000	746.340400000	0.032385816	8.539100000
2079.500000000	1.945900000	0.426727273	66.483700000	10.663620000	2096.497600000	733.811100000	0.002172987	8.485300000
2080.000000000	1.869700000	0.472909091	55.827300000	9.242110000	2065.295500000	727.526300000	0.093060361	8.522200000
2080.000000000	1.875300000	0.469515152	55.827300000	9.242110000	2065.295500000	727.526300000	0.089273267	8.522200000
2080.000000000	1.939300000	0.430727273	55.827300000	9.242110000	2065.295500000	727.526300000	0.040460110	8.522200000
2086.500000000	1.891700000	0.459575758	48.648400000	9.261510000	2067.292100000	710.046600000	0.044118423	8.535200000
2093.000000000	1.991100000	0.399333333	46.195600000	7.793150000	2016.868100000	712.845500000	0.050417362	8.540600000
2093.000000000	2.017600000	0.383272727	46.195600000	7.793150000	2016.868100000	712.845500000	0.050023719	8.540600000
2093.500000000	2.062300000	0.356181818	41.394500000	7.750260000	2015.050100000	711.170700000	0.020163349	8.476100000
2096.000000000	2.160700000	0.296545455	62.058500000	8.042340000	2050.928800000	738.950600000	0.002176579	8.706500000
2096.000000000	2.108800000	0.328000000	62.058500000	8.042340000	2050.928800000	738.950600000	0.106402439	8.706500000
2096.000000000	2.031600000	0.374787879	62.058500000	8.042340000	2050.928800000	738.950600000	0.219825356	8.706500000
2096.500000000	2.012800000	0.386181818	57.010300000	8.357340000	2051.263100000	744.968100000	0.244656309	8.540600000
2096.500000000	2.079500000	0.345757576	57.010300000	8.357340000	2051.263100000	744.968100000	0.158659071	8.540600000
2096.500000000	2.163300000	0.294969697	57.010300000	8.357340000	2051.263100000	744.968100000	0.016509143	8.540600000
2098.000000000	2.179000000	0.285454545	58.808900000	7.251150000	2085.993200000	749.938400000	0.027866242	8.936900000
2098.000000000	2.161200000	0.296242424	58.808900000	7.251150000	2085.993200000	749.938400000	0.072718903	8.936900000
2098.000000000	2.173800000	0.288606061	58.808900000	7.251150000	2085.993200000	749.938400000	0.058578328	8.936900000
2098.500000000	2.191500000	0.277878788	60.652900000	7.283980000	2094.962700000	759.788100000	0.033031625	8.612000000
2098.500000000	2.209800000	0.266787879	60.652900000	7.283980000	2094.962700000	759.788100000	0.001453885	8.612000000
2099.000000000	2.211300000	0.265878788	66.695400000	6.914850000	2095.169200000	765.548600000	0.001424664	8.655800000
2099.000000000	2.202900000	0.270969697	66.695400000	6.914850000	2095.169200000	765.548600000	0.022030866	8.655800000
2100.000000000	2.196700000	0.274727273	62.844800000	8.143020000	2101.451100000	767.773800000	0.039774983	8.485300000
2100.000000000	2.165300000	0.293757576	62.844800000	8.143020000	2101.451100000	767.773800000	0.103342274	8.485300000
2100.500000000	2.164800000	0.294060606	69.544500000	8.883890000	2099.382300000	766.699500000	0.105626546	8.531400000
2100.500000000	2.188500000	0.279696970	69.544500000	8.883890000	2099.382300000	766.699500000	0.061841820	8.531400000
2100.500000000	2.199900000	0.272787879	69.544500000	8.883890000	2099.382300000	766.699500000	0.042846034	8.531400000
2101.000000000	2.173100000	0.289030303	66.247100000	9.448480000	2095.367000000	762.954700000	0.101132313	8.771000000
2101.000000000	2.147600000	0.304484848	66.247100000	9.448480000	2095.367000000	762.954700000	0.149711385	8.771000000
2101.000000000	2.160600000	0.296606061	66.247100000	9.448480000	2095.367000000	762.954700000	0.125102166	8.771000000
2101.500000000	2.195800000	0.275272727	77.038500000	9.520290000	2097.352800000	758.850700000	0.055118890	8.531400000
2101.500000000	2.210000000	0.266666667	77.038500000	9.520290000	2097.352800000	758.850700000	0.023500000	8.531400000
2101.500000000	2.196200000	0.275030303	77.038500000	9.520290000	2097.352800000	758.850700000	0.055376818	8.531400000
2102.000000000	2.191500000	0.277878788	73.136900000	9.535870000	2102.409000000	754.681500000	0.067219193	8.549800000
2102.000000000	2.196200000	0.275030303	73.136900000	9.535870000	2102.409000000	754.681500000	0.059739974	8.549800000
2102.000000000	2.180600000	0.284484848	73.136900000	9.535870000	2102.409000000	754.681500000	0.093097571	8.549800000
2102.500000000	2.158000000	0.298181818	70.324400000	9.466170000	2093.396800000	752.724500000	0.137103659	8.600500000
2102.500000000	2.167300000	0.292545455	70.324400000	9.466170000	2093.396800000	752.724500000	0.122529521	8.600500000
2102.500000000	2.190200000	0.278666667	70.324400000	9.466170000	2093.396800000	752.724500000	0.080622010	8.600500000
2103.000000000	2.186200000	0.281090909	72.100500000	9.125600000	2081.378500000	753.032000000	0.090329884	8.489900000
2103.000000000	2.174000000	0.288484848	72.100500000	9.125600000	2081.378500000	753.032000000	0.115378151	8.489900000
2103.000000000	2.190200000	0.278666667	72.100500000	9.125600000	2081.378500000	753.032000000	0.086363636	8.489900000
2103.500000000	2.214400000	0.264000000	78.087700000	9.108070000	2083.379800000	759.347700000	0.038257576	8.673500000
2103.500000000	2.209100000	0.267212121	78.087700000	9.108070000	2083.379800000	759.347700000	0.053186664	8.673500000
2103.500000000	2.193700000	0.276545455	78.087700000	9.108070000	2083.379800000	759.347700000	0.090927022	8.673500000
2104.000000000	2.197500000	0.274242424	75.239900000	8.937820000	2095.291900000	768.550400000	0.089491713	8.572900000
2104.000000000	2.201300000	0.271939394	75.239900000	8.937820000	2095.291900000	768.550400000	0.087664364	8.572900000
2104.000000000	2.198700000	0.273515152	75.239900000	8.937820000	2095.291900000	768.550400000	0.098038998	8.572900000
2104.500000000	2.199100000	0.273272727	71.619500000	9.135520000	2126.697300000	778.008500000	0.102727878	8.761800000
2104.500000000	2.202100000	0.271454545	71.619500000	9.135520000	2126.697300000	778.008500000	0.101875419	8.761800000
2104.500000000	2.204300000	0.270121212	71.619500000	9.135520000	2126.697300000	778.008500000	0.102625084	8.761800000
2105.000000000	2.206900000	0.268545455	65.647600000	9.336830000	2169.638900000	794.704900000	0.102572783	8.600500000
2105.000000000	2.208400000	0.267636364	65.647600000	9.336830000	2169.638900000	794.704900000	0.104008152	8.600500000
2105.000000000	2.213300000	0.264666667	65.647600000	9.336830000	2169.638900000	794.704900000	0.097732997	8.600500000
2105.500000000	2.227800000	0.255878788	70.179600000	9.368230000	2200.199700000	810.525800000	0.070653719	9.042800000
2105.500000000	2.243900000	0.246121212	70.179600000	9.368230000	2200.199700000	810.525800000	0.036653534	9.042800000
2106.000000000	2.255400000	0.239151515	58.561600000	10.206810000	2221.188700000	819.549500000	0.008996452	9.284000000
2106.000000000	2.255300000	0.239212121	58.561600000	10.206810000	2221.188700000	819.549500000	0.001304788	9.284000000
2107.500000000	2.141100000	0.308424242	61.797700000	11.176300000	2178.118000000	802.603400000	0.002348202	8.941500000
2107.500000000	2.102600000	0.331757576	61.797700000	11.176300000	2178.118000000	802.603400000	0.068295579	8.941500000
2108.000000000	2.101000000	0.332727273	58.983100000	11.181880000	2142.056700000	787.950800000	0.066803279	8.628200000
2109.000000000	2.184200000	0.282303030	62.766500000	10.144520000	2105.910400000	778.843500000	0.002136110	8.614300000
2109.000000000	2.177600000	0.286303030	62.766500000	10.144520000	2105.910400000	778.843500000	0.020618120	8.614300000
2110.000000000	2.180100000	0.284787879	67.197300000	9.264600000	2095.603800000	790.498600000	0.024537136	8.927700000
2110.000000000	2.185500000	0.281515152	67.197300000	9.264600000	2095.603800000	790.498600000	0.013907427	8.927700000
2110.500000000	2.167800000	0.292242424	69.392300000	9.034850000	2090.385000000	793.786800000	0.053525508	9.314700000
2110.500000000	2.155200000	0.299878788	69.392300000	9.034850000	2090.385000000	793.786800000	0.078961196	9.314700000
2111.000000000	2.172400000	0.289454545	69.449100000	9.259560000	2090.149100000	798.396200000	0.047173367	9.929000000
2111.000000000	2.189300000	0.279212121	69.449100000	9.259560000	2090.149100000	798.396200000	0.016160191	9.929000000
2111.000000000	2.174400000	0.288242424	69.449100000	9.259560000	2090.149100000	798.396200000	0.057390664	9.929000000
2112.000000000	2.200000000	0.272727273	65.570600000	9.157760000	2096.182600000	797.760600000	0.049233333	9.204100000
2112.000000000	2.180700000	0.284424242	65.570600000	9.157760000	2096.182600000	797.760600000	0.099584488	9.204100000
2112.000000000	2.175700000	0.287454545	65.570600000	9.157760000	2096.182600000	797.760600000	0.119512966	9.204100000
2112.500000000	2.197600000	0.274181818	73.436800000	9.063290000	2093.087700000	798.681800000	0.087831565	9.075100000
2112.500000000	2.228200000	0.255636364	73.436800000	9.063290000	2093.087700000	798.681800000	0.031827881	9.075100000
2113.000000000	2.245500000	0.245151515	67.034200000	9.129380000	2093.521500000	807.000300000	0.004697157	8.674200000
2113.000000000	2.245300000	0.245272727	67.034200000	9.129380000	2093.521500000	807.000300000	0.008858414	8.674200000
2113.000000000	2.241800000	0.247393939	67.034200000	9.129380000	2093.521500000	807.000300000	0.010889270	8.674200000
2113.500000000	2.224700000	0.257757576	66.517700000	8.986930000	2099.034600000	807.213000000	0.044063014	8.678800000
2113.500000000	2.197500000	0.274242424	66.517700000	8.986930000	2099.034600000	807.213000000	0.092044199	8.678800000
2113.500000000	2.163500000	0.294848485	66.517700000	8.986930000	2099.034600000	807.213000000	0.137183967	8.678800000
2114.000000000	2.152300000	0.301636364	69.947100000	8.935020000	2101.577500000	803.994300000	0.138366486	8.807900000
2114.000000000	2.172100000	0.289636364	69.947100000	8.935020000	2101.577500000	803.994300000	0.085750157	8.807900000
2114.000000000	2.190300000	0.278606061	69.947100000	8.935020000	2101.577500000	803.994300000	0.037709376	8.807900000
2114.500000000	2.179700000	0.285030303	67.520700000	9.237710000	2103.168700000	795.834300000	0.047820540	9.190300000
2114.500000000	2.161300000	0.296181818	67.520700000	9.237710000	2103.168700000	795.834300000	0.074554942	9.190300000
2114.500000000	2.165500000	0.293636364	67.520700000	9.237710000	2103.168700000	795.834300000	0.063126935	9.190300000
2115.000000000	2.189000000	0.279393939	70.952500000	9.004740000	2103.226500000	782.264400000	0.011789588	9.007500000
2115.000000000	2.192900000	0.277030303	70.952500000	9.004740000	2103.226500000	782.264400000	0.005884927	9.007500000
2115.500000000	2.166000000	0.293333333	68.914400000	8.895630000	2103.169400000	780.671500000	0.064886364	9.084300000
2115.500000000	2.163800000	0.294666667	68.914400000	8.895630000	2103.169400000	780.671500000	0.074886878	9.084300000
2115.500000000	2.178700000	0.285636364	68.914400000	8.895630000	2103.169400000	780.671500000	0.056142584	9.084300000
2116.000000000	2.185300000	0.281636364	64.301900000	9.107470000	2102.187300000	781.145900000	0.053744351	9.236400000
2116.000000000	2.172000000	0.289696970	64.301900000	9.107470000	2102.187300000	781.145900000	0.089393305	9.236400000
2116.000000000	2.169500000	0.291212121	64.301900000	9.107470000	2102.187300000	781.145900000	0.099281998	9.236400000
2116.500000000	2.191000000	0.278181818	64.278600000	9.446220000	2094.897600000	779.686200000	0.062843137	9.116600000
2116.500000000	2.212900000	0.264909091	64.278600000	9.446220000	2094.897600000	779.686200000	0.020041181	9.116600000
2116.500000000	2.204400000	0.270060606	64.278600000	9.446220000	2094.897600000	779.686200000	0.039104578	9.116600000
2117.000000000	2.172500000	0.289393939	69.737000000	9.086820000	2093.303200000	776.638600000	0.103643979	9.439100000
2117.000000000	2.158800000	0.297696970	69.737000000	9.086820000	2093.303200000	776.638600000	0.127972313	9.439100000
2117.000000000	2.178300000	0.285878788	69.737000000	9.086820000	2093.303200000	776.638600000	0.088424846	9.439100000
2117.500000000	2.196000000	0.275151515	61.372900000	9.390770000	2096.966000000	776.231700000	0.049251101	9.522000000
2117.500000000	2.191300000	0.278000000	61.372900000	9.390770000	2096.966000000	776.231700000	0.055035971	9.522000000
2117.500000000	2.184500000	0.282121212	61.372900000	9.390770000	2096.966000000	776.231700000	0.063877551	9.522000000
2118.000000000	2.194800000	0.275878788	69.857800000	9.728140000	2094.666300000	779.453700000	0.037620826	9.011400000
2118.000000000	2.209400000	0.267030303	69.857800000	9.728140000	2094.666300000	779.453700000	0.000862460	9.011400000
2118.000000000	2.205900000	0.269151515	69.857800000	9.728140000	2094.666300000	779.453700000	0.004278316	9.011400000
2118.500000000	2.184000000	0.282424242	68.906100000	8.721800000	2092.754000000	779.662900000	0.046469957	9.489800000
2118.500000000	2.170700000	0.290484848	68.906100000	8.721800000	2092.754000000	779.662900000	0.069831004	9.489800000
2118.500000000	2.182800000	0.283151515	68.906100000	8.721800000	2092.754000000	779.662900000	0.045387414	9.489800000
2119.000000000	2.190300000	0.278606061	67.263300000	8.328150000	2094.033200000	780.054600000	0.029453992	9.176500000
2119.000000000	2.165100000	0.293878788	67.263300000	8.328150000	2094.033200000	780.054600000	0.080233038	9.176500000
2119.000000000	2.135800000	0.311636364	67.263300000	8.328150000	2094.033200000	780.054600000	0.135210035	9.176500000
2119.500000000	2.144600000	0.306303030	65.817900000	8.688810000	2095.679600000	778.281200000	0.122437673	8.927700000
2119.500000000	2.188600000	0.279636364	65.817900000	8.688810000	2095.679600000	778.281200000	0.041612484	8.927700000
2120.000000000	2.185500000	0.281515152	78.082900000	9.013070000	2093.611100000	774.666000000	0.053336921	9.476000000
2120.000000000	2.175700000	0.287454545	78.082900000	9.013070000	2093.611100000	774.666000000	0.071157495	9.476000000
2120.500000000	2.188400000	0.279757576	74.765900000	8.558690000	2088.793000000	770.123400000	0.043814991	8.890800000
2120.500000000	2.202200000	0.271393939	74.765900000	8.558690000	2088.793000000	770.123400000	0.011031711	8.890800000
2120.500000000	2.197200000	0.274424242	74.765900000	8.558690000	2088.793000000	770.123400000	0.013206714	8.890800000
2121.000000000	2.194700000	0.275939394	71.861900000	8.379220000	2090.022900000	766.752300000	0.010289919	8.789400000
2121.500000000	2.178500000	0.285757576	79.543700000	8.175960000	2087.225200000	766.990100000	0.034496288	9.308900000
2121.500000000	2.160000000	0.296969697	79.543700000	8.175960000	2087.225200000	766.990100000	0.075663265	9.308900000
2122.000000000	2.174700000	0.288060606	67.158100000	8.068230000	2080.268300000	769.528500000	0.051935620	9.300900000
2122.000000000	2.198400000	0.273696970	67.158100000	8.068230000	2080.268300000	769.528500000	0.008027015	9.300900000
2122.000000000	2.199900000	0.272787879	67.158100000	8.068230000	2080.268300000	769.528500000	0.013152633	9.300900000
2122.500000000	2.183700000	0.282606061	77.248300000	8.188250000	2084.406100000	771.458900000	0.055929659	8.923100000
2122.500000000	2.182400000	0.283393939	77.248300000	8.188250000	2084.406100000	771.458900000	0.067023097	8.923100000
2122.500000000	2.203400000	0.270666667	77.248300000	8.188250000	2084.406100000	771.458900000	0.032758621	8.923100000
2123.000000000	2.219400000	0.260969697	77.917900000	7.770600000	2094.384300000	775.921900000	0.007164422	9.356200000
2123.000000000	2.206500000	0.268787879	77.917900000	7.770600000	2094.384300000	775.921900000	0.046087937	9.356200000
2123.000000000	2.184700000	0.282000000	77.917900000	7.770600000	2094.384300000	775.921900000	0.100000000	9.356200000
2123.500000000	2.193300000	0.276787879	75.946400000	8.075610000	2105.098100000	780.145500000	0.092445807	8.819400000
2123.500000000	2.220000000	0.260606061	75.946400000	8.075610000	2105.098100000	780.145500000	0.044534884	8.819400000
2123.500000000	2.234500000	0.251818182	75.946400000	8.075610000	2105.098100000	780.145500000	0.013574007	8.819400000
2124.000000000	2.217800000	0.261939394	80.997000000	8.740360000	2120.084600000	786.007300000	0.053979639	9.374600000
2124.000000000	2.186100000	0.281151515	80.997000000	8.740360000	2120.084600000	786.007300000	0.119691744	9.374600000
2124.000000000	2.169500000	0.291212121	80.997000000	8.740360000	2120.084600000	786.007300000	0.147356920	9.374600000
2124.500000000	2.175100000	0.287818182	76.877900000	8.840960000	2129.976500000	790.196300000	0.134523057	9.766200000
2124.500000000	2.185300000	0.281636364	76.877900000	8.840960000	2129.976500000	790.196300000	0.111265332	9.766200000
2124.500000000	2.183000000	0.283030303	76.877900000	8.840960000	2129.976500000	790.196300000	0.107162741	9.766200000
2125.000000000	2.167900000	0.292181818	79.362100000	9.153870000	2126.161300000	788.711900000	0.126571251	9.608400000
2125.000000000	2.165900000	0.293393939	79.362100000	9.153870000	2126.161300000	788.711900000	0.120977071	9.608400000
2125.000000000	2.191400000	0.277939394	79.362100000	9.153870000	2126.161300000	788.711900000	0.059147405	9.608400000
2126.000000000	2.169900000	0.290969697	76.482500000	8.698250000	2109.501000000	777.604800000	0.053509685	9.687900000
2126.000000000	2.130900000	0.314606061	76.482500000	8.698250000	2109.501000000	777.604800000	0.117944519	9.687900000
2126.000000000	2.128500000	0.316060606	76.482500000	8.698250000	2109.501000000	777.604800000	0.127066155	9.687900000
2126.500000000	2.165200000	0.293818182	70.231800000	9.137900000	2097.811400000	773.834300000	0.066089109	9.512800000
2127.000000000	2.181600000	0.283878788	73.901900000	9.981110000	2091.729000000	768.875700000	0.056287361	9.406800000
2127.000000000	2.158000000	0.298181818	73.901900000	9.981110000	2091.729000000	768.875700000	0.108597561	9.406800000
2127.000000000	2.170800000	0.290424242	73.901900000	9.981110000	2091.729000000	768.875700000	0.090640651	9.406800000
2127.500000000	2.184100000	0.282363636	74.375900000	8.307870000	2073.063500000	763.425400000	0.070701867	9.648700000
2127.500000000	2.175700000	0.287454545	74.375900000	8.307870000	2073.063500000	763.425400000	0.091334598	9.648700000
2127.500000000	2.159900000	0.297030303	74.375900000	8.307870000	2073.063500000	763.425400000	0.121301775	9.648700000
2128.000000000	2.161200000	0.296242424	68.982200000	8.800350000	2055.495400000	761.272600000	0.119302373	9.572700000
2128.000000000	2.180100000	0.284787879	68.982200000	8.800350000	2055.495400000	761.272600000	0.082826133	9.572700000
2128.000000000	2.207500000	0.268181818	68.982200000	8.800350000	2055.495400000	761.272600000	0.020813559	9.572700000
2128.500000000	2.203600000	0.270545455	76.363800000	9.215840000	2058.141300000	763.575200000	0.016061828	9.124600000
2128.500000000	2.196200000	0.275030303	76.363800000	9.215840000	2058.141300000	763.575200000	0.015381225	9.124600000
2129.500000000	2.178900000	0.285515152	74.540800000	8.411770000	2068.101700000	757.909800000	0.010560391	9.540500000
2129.500000000	2.166300000	0.293151515	74.540800000	8.411770000	2068.101700000	757.909800000	0.032241059	9.540500000
2130.500000000	2.179300000	0.285272727	72.561900000	8.339830000	2123.128600000	769.288700000	0.008667941	9.093500000
2131.000000000	2.166300000	0.293151515	72.859900000	9.106040000	2169.259100000	788.600200000	0.072493281	8.913800000
2131.500000000	2.184200000	0.282303030	69.916500000	9.078570000	2208.471800000	815.653100000	0.088922284	9.170700000
2132.000000000	2.186100000	0.281151515	63.161800000	9.062330000	2307.830300000	838.501300000	0.109021341	9.162600000
2132.000000000	2.161900000	0.295818182	63.161800000	9.062330000	2307.830300000	838.501300000	0.207283344	9.162600000
2132.500000000	2.142600000	0.307515152	74.503200000	11.237660000	2392.284400000	861.244700000	0.266052424	9.456800000
2132.500000000	2.139900000	0.309151515	74.503200000	11.237660000	2392.284400000	861.244700000	0.298402274	9.456800000
2132.500000000	2.150900000	0.302484848	74.503200000	11.237660000	2392.284400000	861.244700000	0.312362252	9.456800000
2133.000000000	2.158900000	0.297636364	67.779400000	9.709730000	2411.553000000	888.108100000	0.331398900	9.314700000
2133.000000000	2.157900000	0.298242424	67.779400000	9.709730000	2411.553000000	888.108100000	0.360922577	9.314700000
2133.000000000	2.152500000	0.301515152	67.779400000	9.709730000	2411.553000000	888.108100000	0.390080402	9.314700000
2133.500000000	2.151500000	0.302121212	74.211000000	13.542100000	2397.053500000	908.432800000	0.413480441	9.103500000
2133.500000000	2.147000000	0.304848485	74.211000000	13.542100000	2397.053500000	908.432800000	0.436441352	9.103500000
2133.500000000	2.136900000	0.310969697	74.211000000	13.542100000	2397.053500000	908.432800000	0.452679790	9.103500000
2134.000000000	2.124200000	0.318666667	67.248900000	18.836200000	2384.231800000	922.500300000	0.470920502	9.720200000
2134.000000000	2.126500000	0.317272727	67.248900000	18.836200000	2384.231800000	922.500300000	0.473323782	9.720200000
2134.000000000	2.150100000	0.302969697	67.248900000	18.836200000	2384.231800000	922.500300000	0.452750550	9.720200000
2134.500000000	2.178600000	0.285696970	69.887300000	18.550960000	2377.884900000	922.672700000	0.424215104	8.605100000
2134.500000000	2.193400000	0.276727273	69.887300000	18.550960000	2377.884900000	922.672700000	0.409888305	8.605100000
2134.500000000	2.182600000	0.283272727	69.887300000	18.550960000	2377.884900000	922.672700000	0.425641849	8.605100000
2135.000000000	2.155500000	0.299696970	68.354300000	14.271920000	2392.154300000	916.860000000	0.459120324	9.287800000
2135.000000000	2.146200000	0.305333333	68.354300000	14.271920000	2392.154300000	916.860000000	0.471069869	9.287800000
2135.000000000	2.166300000	0.293151515	68.354300000	14.271920000	2392.154300000	916.860000000	0.450113707	9.287800000
2135.500000000	2.195800000	0.275272727	66.013400000	10.135050000	2429.292900000	922.396400000	0.415488771	8.738700000
2135.500000000	2.202100000	0.271454545	66.013400000	10.135050000	2429.292900000	922.396400000	0.409109176	8.738700000
2135.500000000	2.185500000	0.281515152	66.013400000	10.135050000	2429.292900000	922.396400000	0.434488698	8.738700000
2136.000000000	2.156200000	0.299272727	57.354000000	11.321130000	2455.499100000	942.220100000	0.472387606	8.757900000
2136.000000000	2.130300000	0.314969697	57.354000000	11.321130000	2455.499100000	942.220100000	0.500586877	8.757900000
2136.000000000	2.112000000	0.326060606	57.354000000	11.321130000	2455.499100000	942.220100000	0.514200743	8.757900000
2136.500000000	2.099400000	0.333696970	48.442500000	17.463020000	2467.650900000	969.049500000	0.521721758	8.618900000
2136.500000000	2.093100000	0.337515152	48.442500000	17.463020000	2467.650900000	969.049500000	0.525650925	8.618900000
2136.500000000	2.096900000	0.335212121	48.442500000	17.463020000	2467.650900000	969.049500000	0.526568432	8.618900000
2137.000000000	2.114700000	0.324424242	47.791300000	23.965620000	2525.649100000	989.486500000	0.514832804	9.034400000
2137.000000000	2.135900000	0.311575758	47.791300000	23.965620000	2525.649100000	989.486500000	0.501244894	9.034400000
2137.000000000	2.145200000	0.305939394	47.791300000	23.965620000	2525.649100000	989.486500000	0.505457607	9.034400000
2137.500000000	2.130400000	0.314909091	51.433500000	20.139440000	2586.725800000	1025.331900000	0.532563510	8.600500000
2137.500000000	2.106600000	0.329333333	51.433500000	20.139440000	2586.725800000	1025.331900000	0.566093117	8.600500000
2137.500000000	2.097500000	0.334848485	51.433500000	20.139440000	2586.725800000	1025.331900000	0.587276018	8.600500000
2138.000000000	2.095700000	0.335939394	57.814200000	15.829930000	2575.277000000	1044.156600000	0.602309219	8.660400000
2138.000000000	2.093700000	0.337151515	57.814200000	15.829930000	2575.277000000	1044.156600000	0.614416682	8.660400000
2138.000000000	2.085500000	0.342121212	57.814200000	15.829930000	2575.277000000	1044.156600000	0.620894597	8.660400000
2138.500000000	2.073900000	0.349151515	52.707200000	14.863630000	2546.616300000	1026.097200000	0.629673668	8.526800000
2138.500000000	2.064900000	0.354606061	52.707200000	14.863630000	2546.616300000	1026.097200000	0.629729961	8.526800000
2138.500000000	2.058600000	0.358424242	52.707200000	14.863630000	2546.616300000	1026.097200000	0.609401420	8.526800000
2139.000000000	2.054000000	0.361212121	57.648700000	18.879310000	2482.262800000	985.694800000	0.588330537	8.485300000
2139.000000000	2.059200000	0.358060606	57.648700000	18.879310000	2482.262800000	985.694800000	0.564319567	8.485300000
2139.000000000	2.081900000	0.344303030	57.648700000	18.879310000	2482.262800000	985.694800000	0.537616617	8.485300000
2139.500000000	2.116600000	0.323272727	59.605400000	22.355790000	2396.395600000	945.489200000	0.497637795	8.208900000
2139.500000000	2.147600000	0.304484848	59.605400000	22.355790000	2396.395600000	945.489200000	0.459743232	8.208900000
2139.500000000	2.165800000	0.293454545	59.605400000	22.355790000	2396.395600000	945.489200000	0.443525403	8.208900000
2140.000000000	2.166700000	0.292909091	66.952400000	16.300050000	2297.066300000	930.556900000	0.446585971	8.480700000
2140.000000000	2.145900000	0.305515152	66.952400000	16.300050000	2297.066300000	930.556900000	0.474985122	8.480700000
2140.000000000	2.108400000	0.328242424	66.952400000	16.300050000	2297.066300000	930.556900000	0.520781019	8.480700000
2140.500000000	2.083200000	0.343515152	70.067300000	10.734220000	2229.890600000	892.553700000	0.551111503	9.227200000
2140.500000000	2.093500000	0.337272727	70.067300000	10.734220000	2229.890600000	892.553700000	0.550512129	9.227200000
2140.500000000	2.123400000	0.319151515	70.067300000	10.734220000	2229.890600000	892.553700000	0.528123813	9.227200000
2141.000000000	2.137300000	0.310727273	60.211800000	9.036310000	2222.353000000	861.070300000	0.518548859	8.784800000
2141.000000000	2.137900000	0.310363636	60.211800000	9.036310000	2222.353000000	861.070300000	0.522173404	8.784800000
2141.000000000	2.123100000	0.319333333	60.211800000	9.036310000	2222.353000000	861.070300000	0.542797495	8.784800000
2141.500000000	2.104500000	0.330606061	66.568700000	10.951490000	2270.473400000	865.068200000	0.565343721	9.204100000
2141.500000000	2.093400000	0.337333333	66.568700000	10.951490000	2270.473400000	865.068200000	0.580830040	9.204100000
2141.500000000	2.106800000	0.329212121	66.568700000	10.951490000	2270.473400000	865.068200000	0.578083579	9.204100000
2142.000000000	2.136700000	0.311090909	70.352000000	11.474860000	2357.528100000	901.880800000	0.561542957	8.835500000
2142.000000000	2.169600000	0.291151515	70.352000000	11.474860000	2357.528100000	901.880800000	0.540445462	8.835500000
2142.000000000	2.200200000	0.272606061	70.352000000	11.474860000	2357.528100000	901.880800000	0.520186750	8.835500000
2142.500000000	2.209900000	0.266727273	62.086400000	10.837860000	2457.983800000	944.047200000	0.520858896	8.877000000
2142.500000000	2.175200000	0.287757576	62.086400000	10.837860000	2457.983800000	944.047200000	0.566301601	8.877000000
2142.500000000	2.120400000	0.320969697	62.086400000	10.837860000	2457.983800000	944.047200000	0.621459592	8.877000000
2143.000000000	2.086300000	0.341636364	58.988800000	11.478790000	2571.950000000	974.042200000	0.653725386	9.337700000
2143.000000000	2.074400000	0.348848485	58.988800000	11.478790000	2571.950000000	974.042200000	0.669484017	9.337700000
2143.000000000	2.070600000	0.351151515	58.988800000	11.478790000	2571.950000000	974.042200000	0.678771143	9.337700000
2143.500000000	2.065900000	0.354000000	51.526500000	16.462380000	2663.675600000	1041.798800000	0.688418079	8.890800000
2143.500000000	2.050200000	0.363515152	51.526500000	16.462380000	2663.675600000	1041.798800000	0.701800600	8.890800000
2143.500000000	2.038100000	0.370848485	51.526500000	16.462380000	2663.675600000	1041.798800000	0.707427684	8.890800000
2144.000000000	2.023100000	0.379939394	48.974800000	27.719830000	2719.808800000	1092.178700000	0.714164939	9.305500000
2144.000000000	2.010900000	0.387333333	48.974800000	27.719830000	2719.808800000	1092.178700000	0.718846816	9.305500000
2144.000000000	2.007600000	0.389333333	48.974800000	27.719830000	2719.808800000	1092.178700000	0.717208904	9.305500000
2144.500000000	2.014800000	0.384969697	55.016500000	38.713840000	2771.321800000	1107.913800000	0.710626574	9.328500000
2144.500000000	2.025300000	0.378606061	55.016500000	38.713840000	2771.321800000	1107.913800000	0.704178005	9.328500000
2144.500000000	2.032800000	0.374060606	55.016500000	38.713840000	2771.321800000	1107.913800000	0.703256643	9.328500000
2145.000000000	2.037400000	0.371272727	63.625000000	50.492070000	2827.543500000	1143.120500000	0.703721841	8.646600000
2145.000000000	2.042300000	0.368303030	63.625000000	50.492070000	2827.543500000	1143.120500000	0.705948659	8.646600000
2145.000000000	2.043800000	0.367393939	63.625000000	50.492070000	2827.543500000	1143.120500000	0.716108545	8.646600000
2145.500000000	2.044000000	0.367272727	58.922700000	56.124950000	2869.667900000	1174.515200000	0.726905941	8.595900000
2145.500000000	2.046100000	0.366000000	58.922700000	56.124950000	2869.667900000	1174.515200000	0.737158470	8.595900000
2145.500000000	2.053100000	0.361757576	58.922700000	56.124950000	2869.667900000	1174.515200000	0.747621042	8.595900000
2146.000000000	2.057100000	0.359333333	70.541700000	64.016990000	2918.511500000	1191.021700000	0.759276438	8.568300000
2146.000000000	2.056600000	0.359636364	70.541700000	64.016990000	2918.511500000	1191.021700000	0.768933266	8.568300000
2146.000000000	2.057800000	0.358909091	70.541700000	64.016990000	2918.511500000	1191.021700000	0.766236069	8.568300000
2146.500000000	2.061400000	0.356727273	81.790700000	53.409460000	2961.349400000	1207.990500000	0.762563710	8.549800000
2146.500000000	2.066700000	0.353515152	81.790700000	53.409460000	2961.349400000	1207.990500000	0.758426196	8.549800000
2146.500000000	2.070600000	0.351151515	81.790700000	53.409460000	2961.349400000	1207.990500000	0.755376251	8.549800000
2147.000000000	2.067900000	0.352787879	86.641900000	52.166950000	2996.960000000	1222.142400000	0.755093627	8.618900000
2147.000000000	2.057600000	0.359030303	86.641900000	52.166950000	2996.960000000	1222.142400000	0.758237677	8.618900000
2147.000000000	2.040400000	0.369454545	86.641900000	52.166950000	2996.960000000	1222.142400000	0.764517717	8.618900000
2147.500000000	2.021000000	0.381212121	88.273000000	80.369930000	2992.272800000	1226.119700000	0.771518283	8.549800000
2147.500000000	2.009100000	0.388424242	88.273000000	80.369930000	2992.272800000	1226.119700000	0.774473397	8.549800000
2147.500000000	2.006400000	0.390060606	88.273000000	80.369930000	2992.272800000	1226.119700000	0.771317589	8.549800000
2148.000000000	2.015000000	0.384848485	84.064100000	114.833090000	2936.125400000	1209.940300000	0.764322835	8.655800000
2148.000000000	2.028100000	0.376909091	84.064100000	114.833090000	2936.125400000	1209.940300000	0.751664255	8.655800000
2148.000000000	2.029300000	0.376181818	84.064100000	114.833090000	2936.125400000	1209.940300000	0.733639439	8.655800000
2148.500000000	2.024400000	0.379151515	57.665300000	142.418110000	2882.623100000	1183.597600000	0.718318414	8.918400000
2148.500000000	2.018900000	0.382484848	57.665300000	142.418110000	2882.623100000	1183.597600000	0.703256219	8.918400000
2149.000000000	2.034000000	0.373333333	53.732900000	116.061230000	2815.157200000	1157.574700000	0.657410714	9.319300000
2149.000000000	2.060700000	0.357151515	53.732900000	116.061230000	2815.157200000	1157.574700000	0.624249109	9.319300000
2149.000000000	2.095600000	0.336000000	53.732900000	116.061230000	2815.157200000	1157.574700000	0.589285714	9.319300000
2149.500000000	2.118600000	0.322060606	46.834100000	80.259020000	2775.133600000	1130.259100000	0.559710199	8.918400000
2149.500000000	2.118300000	0.322242424	46.834100000	80.259020000	2775.133600000	1130.259100000	0.553131465	8.918400000
2149.500000000	2.117200000	0.322909091	46.834100000	80.259020000	2775.133600000	1130.259100000	0.561176802	8.918400000
2150.500000000	2.083100000	0.343575758	48.322800000	40.333660000	2834.409400000	1118.187600000	0.643746693	9.894500000
2150.500000000	2.064900000	0.354606061	48.322800000	40.333660000	2834.409400000	1118.187600000	0.672876431	9.894500000
2150.500000000	2.038500000	0.370606061	48.322800000	40.333660000	2834.409400000	1118.187600000	0.701569910	9.894500000
2151.500000000	1.998200000	0.395030303	39.605700000	67.408640000	2873.114900000	1147.419500000	0.751917766	9.502800000
2151.500000000	2.003500000	0.391818182	39.605700000	67.408640000	2873.114900000	1147.419500000	0.750394432	9.502800000
2151.500000000	2.007300000	0.389515152	39.605700000	67.408640000	2873.114900000	1147.419500000	0.740960012	9.502800000
2152.000000000	2.012300000	0.386484848	42.307900000	94.262030000	2878.434600000	1147.888300000	0.731166693	9.697100000
2152.000000000	2.021300000	0.381030303	42.307900000	94.262030000	2878.434600000	1147.888300000	0.718657547	9.697100000
2152.000000000	2.024000000	0.379393939	42.307900000	94.262030000	2878.434600000	1147.888300000	0.706637380	9.697100000
2152.500000000	2.013600000	0.385696970	44.462900000	90.503180000	2853.503500000	1147.206900000	0.701060654	9.830700000
2152.500000000	2.011000000	0.387272727	44.462900000	90.503180000	2853.503500000	1147.206900000	0.692723005	9.830700000
2152.500000000	2.026300000	0.378000000	44.462900000	90.503180000	2853.503500000	1147.206900000	0.678571429	9.830700000
2153.000000000	2.045000000	0.366666667	40.733700000	78.513610000	2813.056100000	1144.424800000	0.661545455	9.886000000
2153.000000000	2.058400000	0.358545455	40.733700000	78.513610000	2813.056100000	1144.424800000	0.648859026	9.886000000
2153.000000000	2.072700000	0.349878788	40.733700000	78.513610000	2813.056100000	1144.424800000	0.640732721	9.886000000
2153.500000000	2.089300000	0.339818182	48.240600000	65.429650000	2789.779200000	1124.136000000	0.630979133	9.738600000
2153.500000000	2.099000000	0.333939394	48.240600000	65.429650000	2789.779200000	1124.136000000	0.626578947	9.738600000
2153.500000000	2.093600000	0.337212121	48.240600000	65.429650000	2789.779200000	1124.136000000	0.636134076	9.738600000
2154.000000000	2.077600000	0.346909091	43.728600000	52.684680000	2790.119800000	1117.567800000	0.651781971	9.628000000
2154.000000000	2.072900000	0.349757576	43.728600000	52.684680000	2790.119800000	1117.567800000	0.660622076	9.628000000
2154.000000000	2.091100000	0.338727273	43.728600000	52.684680000	2790.119800000	1117.567800000	0.656065486	9.628000000
2154.500000000	2.115000000	0.324242424	41.228400000	52.713100000	2812.286800000	1128.021600000	0.647485981	9.322400000
2154.500000000	2.124500000	0.318484848	41.228400000	52.713100000	2812.286800000	1128.021600000	0.647078972	9.322400000
2154.500000000	2.099800000	0.333454545	41.228400000	52.713100000	2812.286800000	1128.021600000	0.665021810	9.322400000
2155.500000000	2.029100000	0.376303030	42.461300000	61.171510000	2871.986800000	1152.168100000	0.701304558	9.397600000
2155.500000000	2.034200000	0.373212121	42.461300000	61.171510000	2871.986800000	1152.168100000	0.696955180	9.397600000
2155.500000000	2.043400000	0.367636364	42.461300000	61.171510000	2871.986800000	1152.168100000	0.690727003	9.397600000
2156.000000000	2.050200000	0.363515152	39.393400000	65.291580000	2861.859800000	1147.536100000	0.685570190	9.646400000
2156.000000000	2.049100000	0.364181818	39.393400000	65.291580000	2861.859800000	1147.536100000	0.684498253	9.646400000
2156.000000000	2.047300000	0.365272727	39.393400000	65.291580000	2861.859800000	1147.536100000	0.683797909	9.646400000
2156.500000000	2.051200000	0.362909091	45.576800000	67.188320000	2830.686000000	1139.936900000	0.680085170	9.291700000
2156.500000000	2.055400000	0.360363636	45.576800000	67.188320000	2830.686000000	1139.936900000	0.675327952	9.291700000
2156.500000000	2.057400000	0.359151515	45.576800000	67.188320000	2830.686000000	1139.936900000	0.669498819	9.291700000
2157.000000000	2.060200000	0.357454545	49.413800000	65.419630000	2809.292700000	1127.341900000	0.663173957	8.485300000
2157.000000000	2.057100000	0.359333333	49.413800000	65.419630000	2809.292700000	1127.341900000	0.659647495	8.485300000
2157.000000000	2.045600000	0.366303030	49.413800000	65.419630000	2809.292700000	1127.341900000	0.659298478	8.485300000
2157.500000000	2.037500000	0.371212121	45.021900000	73.545140000	2778.108700000	1110.878500000	0.657069388	8.499200000
2157.500000000	2.040100000	0.369636364	45.021900000	73.545140000	2778.108700000	1110.878500000	0.648844073	8.499200000
2157.500000000	2.049300000	0.364060606	45.021900000	73.545140000	2778.108700000	1110.878500000	0.637697686	8.499200000
2158.000000000	2.058300000	0.358606061	48.223200000	64.871280000	2754.001300000	1104.800600000	0.626052053	8.738700000
2158.000000000	2.066200000	0.353818182	48.223200000	64.871280000	2754.001300000	1104.800600000	0.616752312	8.738700000
2158.000000000	2.070100000	0.351454545	48.223200000	64.871280000	2754.001300000	1104.800600000	0.615597517	8.738700000
2158.500000000	2.071300000	0.350727273	46.505600000	54.551990000	2746.154500000	1093.916000000	0.616226024	9.291700000
2158.500000000	2.072900000	0.349757576	46.505600000	54.551990000	2746.154500000	1093.916000000	0.617449316	9.291700000
2158.500000000	2.073000000	0.349696970	46.505600000	54.551990000	2746.154500000	1093.916000000	0.623102253	9.291700000
2159.000000000	2.071500000	0.350606061	49.059700000	48.855000000	2747.623200000	1093.108000000	0.629783924	9.416100000
2159.000000000	2.065400000	0.354303030	49.059700000	48.855000000	2747.623200000	1093.108000000	0.638727335	9.416100000
2159.000000000	2.058500000	0.358484848	49.059700000	48.855000000	2747.623200000	1093.108000000	0.646289096	9.416100000
2159.500000000	2.057900000	0.358848485	50.544300000	50.358020000	2755.974700000	1099.607100000	0.650270225	9.664900000
2159.500000000	2.054900000	0.360666667	50.544300000	50.358020000	2755.974700000	1099.607100000	0.655083179	9.664900000
2159.500000000	2.051500000	0.362727273	50.544300000	50.358020000	2755.974700000	1099.607100000	0.658696742	9.664900000
2160.000000000	2.051000000	0.363030303	47.666200000	51.960210000	2775.600900000	1104.362800000	0.660634391	9.724800000
2160.000000000	2.048100000	0.364787879	47.666200000	51.960210000	2775.600900000	1104.362800000	0.663914271	9.724800000
2160.000000000	2.043600000	0.367515152	47.666200000	51.960210000	2775.600900000	1104.362800000	0.668040897	9.724800000
2160.500000000	2.040100000	0.369636364	42.844300000	53.527290000	2799.551800000	1118.973500000	0.671298574	9.441400000
2160.500000000	2.037300000	0.371333333	42.844300000	53.527290000	2799.551800000	1118.973500000	0.674955117	9.441400000
2160.500000000	2.037100000	0.371454545	42.844300000	53.527290000	2799.551800000	1118.973500000	0.678830152	9.441400000
2161.000000000	2.038400000	0.370666667	44.389200000	57.099400000	2850.691700000	1137.301100000	0.681924460	9.296300000
2161.000000000	2.038700000	0.370484848	44.389200000	57.099400000	2850.691700000	1137.301100000	0.685817111	9.296300000
2161.000000000	2.038900000	0.370363636	44.389200000	57.099400000	2850.691700000	1137.301100000	0.691384389	9.296300000
2161.500000000	2.041100000	0.369030303	41.367000000	61.485710000	2890.479800000	1145.772300000	0.695688947	9.300900000
2161.500000000	2.041000000	0.369090909	41.367000000	61.485710000	2890.479800000	1145.772300000	0.700073892	9.300900000
2161.500000000	2.038600000	0.370545455	41.367000000	61.485710000	2890.479800000	1145.772300000	0.702330716	9.300900000
2162.000000000	2.037500000	0.371212121	42.821700000	63.188340000	2881.074000000	1153.481300000	0.703942857	9.112000000
2162.000000000	2.033600000	0.373575758	42.821700000	63.188340000	2881.074000000	1153.481300000	0.706351395	9.112000000
2162.000000000	2.028900000	0.376424242	42.821700000	63.188340000	2881.074000000	1153.481300000	0.707245210	9.112000000
2162.500000000	2.032100000	0.374484848	46.791400000	66.823330000	2854.379700000	1154.976200000	0.704393915	9.236400000
2162.500000000	2.040100000	0.369636364	46.791400000	66.823330000	2854.379700000	1154.976200000	0.698893261	9.236400000
2162.500000000	2.047400000	0.365212121	46.791400000	66.823330000	2854.379700000	1154.976200000	0.693328908	9.236400000
2163.000000000	2.051500000	0.362727273	46.143700000	69.144260000	2832.682400000	1120.104200000	0.689298246	9.296300000
2163.000000000	2.059000000	0.358181818	46.143700000	69.144260000	2832.682400000	1120.104200000	0.683680203	9.296300000
2163.000000000	2.068500000	0.352424242	46.143700000	69.144260000	2832.682400000	1120.104200000	0.677093723	9.296300000
2163.500000000	2.071500000	0.350606061	48.740400000	67.825900000	2829.623500000	1119.947600000	0.673993086	9.399200000
2163.500000000	2.070600000	0.351151515	48.740400000	67.825900000	2829.623500000	1119.947600000	0.673645150	9.399200000
2163.500000000	2.072500000	0.350000000	48.740400000	67.825900000	2829.623500000	1119.947600000	0.672571429	9.399200000
2164.000000000	2.072700000	0.349878788	43.409300000	56.991850000	2840.292800000	1150.841500000	0.672172181	9.558900000
2164.000000000	2.068100000	0.352666667	43.409300000	56.991850000	2840.292800000	1150.841500000	0.675614367	9.558900000
2164.000000000	2.061800000	0.356484848	43.409300000	56.991850000	2840.292800000	1150.841500000	0.682454947	9.558900000
2164.500000000	2.054700000	0.360787879	46.912600000	53.835250000	2859.384700000	1150.265400000	0.689291114	9.899900000
2164.500000000	2.047600000	0.365090909	46.912600000	53.835250000	2859.384700000	1150.265400000	0.696513944	9.899900000
2164.500000000	2.046500000	0.365757576	46.912600000	53.835250000	2859.384700000	1150.265400000	0.701441591	9.899900000
2165.000000000	2.053900000	0.361272727	49.053700000	50.653310000	2878.880500000	1163.400900000	0.702164066	9.760100000
2165.000000000	2.062200000	0.356242424	49.053700000	50.653310000	2878.880500000	1163.400900000	0.702169105	9.760100000
2165.000000000	2.070500000	0.351212121	49.053700000	50.653310000	2878.880500000	1163.400900000	0.700750647	9.760100000
2165.500000000	2.073500000	0.349393939	44.443400000	52.369650000	2902.834500000	1170.429200000	0.702055507	9.148800000
2165.500000000	2.068400000	0.352484848	44.443400000	52.369650000	2902.834500000	1170.429200000	0.706370358	9.148800000
2165.500000000	2.061500000	0.356666667	44.443400000	52.369650000	2902.834500000	1170.429200000	0.707850467	9.148800000
2166.000000000	2.056100000	0.359939394	42.382800000	51.419860000	2912.345600000	1182.269100000	0.708284223	9.715600000
2166.000000000	2.049700000	0.363818182	42.382800000	51.419860000	2912.345600000	1182.269100000	0.708095952	9.715600000
2166.000000000	2.048300000	0.364666667	42.382800000	51.419860000	2912.345600000	1182.269100000	0.700822669	9.715600000
2167.000000000	2.044100000	0.367212121	44.051500000	55.637500000	2812.271700000	1144.700700000	0.662865159	9.734000000
2167.000000000	2.054500000	0.360909091	44.051500000	55.637500000	2812.271700000	1144.700700000	0.644231738	9.734000000
2167.000000000	2.060600000	0.357212121	44.051500000	55.637500000	2812.271700000	1144.700700000	0.624872752	9.734000000
2167.500000000	2.063700000	0.355333333	47.356200000	51.398960000	2756.661900000	1106.546700000	0.607410882	9.277800000
2167.500000000	2.067100000	0.353272727	47.356200000	51.398960000	2756.661900000	1106.546700000	0.588986104	9.277800000
2167.500000000	2.068700000	0.352303030	47.356200000	51.398960000	2756.661900000	1106.546700000	0.569972475	9.277800000
2168.000000000	2.069200000	0.352000000	45.826000000	42.017940000	2702.401500000	1082.849400000	0.551704545	9.643000000
2168.000000000	2.070200000	0.351393939	45.826000000	42.017940000	2702.401500000	1082.849400000	0.532718179	9.643000000
2168.000000000	2.069500000	0.351818182	45.826000000	42.017940000	2702.401500000	1082.849400000	0.515090439	9.643000000
2169.000000000	2.065400000	0.354303030	45.923200000	29.775120000	2532.804100000	997.143600000	0.387247691	9.623400000
2169.000000000	2.077200000	0.347151515	45.923200000	29.775120000	2532.804100000	997.143600000	0.330263617	9.623400000
2169.000000000	2.090700000	0.338969697	45.923200000	29.775120000	2532.804100000	997.143600000	0.270436260	9.623400000
2169.500000000	2.093200000	0.337454545	42.272500000	34.063190000	2454.203900000	958.997700000	0.223302802	9.153400000
2169.500000000	2.081200000	0.344727273	42.272500000	34.063190000	2454.203900000	958.997700000	0.199947257	9.153400000
2169.500000000	2.071100000	0.350848485	42.272500000	34.063190000	2454.203900000	958.997700000	0.184548281	9.153400000
2170.500000000	2.089100000	0.339939394	42.974700000	21.215970000	2326.837300000	908.599400000	0.072187556	9.655700000
2170.500000000	2.080300000	0.345272727	42.974700000	21.215970000	2326.837300000	908.599400000	0.074354924	9.655700000
2170.500000000	2.099900000	0.333393939	42.974700000	21.215970000	2326.837300000	908.599400000	0.036275223	9.655700000
2171.000000000	2.110600000	0.326909091	42.824700000	15.311180000	2291.529500000	875.061200000	0.011651835	9.549700000
2171.000000000	2.090900000	0.338848485	42.824700000	15.311180000	2291.529500000	875.061200000	0.042049723	9.549700000
2171.000000000	2.067600000	0.352969697	42.824700000	15.311180000	2291.529500000	875.061200000	0.078674451	9.549700000
2171.500000000	2.071600000	0.350545455	44.172600000	14.119630000	2252.919500000	855.945200000	0.070591286	9.890600000
2171.500000000	2.089900000	0.339454545	44.172600000	14.119630000	2252.919500000	855.945200000	0.039930370	9.890600000
2171.500000000	2.090500000	0.339090909	44.172600000	14.119630000	2252.919500000	855.945200000	0.042734584	9.890600000
2172.000000000	2.085700000	0.342000000	49.258900000	13.420320000	2219.799800000	854.886600000	0.034204793	9.816900000
2172.000000000	2.099200000	0.333818182	49.258900000	13.420320000	2219.799800000	854.886600000	0.024131593	9.816900000
2172.000000000	2.105900000	0.329757576	49.258900000	13.420320000	2219.799800000	854.886600000	0.059025559	9.816900000
2172.500000000	2.086600000	0.341454545	51.433500000	12.419200000	2211.185800000	849.105300000	0.092047014	9.517400000
2172.500000000	2.067200000	0.353212121	51.433500000	12.419200000	2211.185800000	849.105300000	0.114964789	9.517400000
2172.500000000	2.053600000	0.361454545	51.433500000	12.419200000	2211.185800000	849.105300000	0.142752443	9.517400000
2173.000000000	2.036000000	0.372121212	46.185900000	11.633190000	2218.721700000	845.378800000	0.151581509	9.452900000
2173.000000000	2.033500000	0.373636364	46.185900000	11.633190000	2218.721700000	845.378800000	0.144515646	9.452900000
2173.000000000	2.049200000	0.364121212	46.185900000	11.633190000	2218.721700000	845.378800000	0.149283909	9.452900000
2173.500000000	2.056500000	0.359696970	39.726200000	11.355080000	2228.223900000	876.910700000	0.171545805	9.435600000
2173.500000000	2.052900000	0.361878788	39.726200000	11.355080000	2228.223900000	876.910700000	0.183675373	9.435600000
2173.500000000	2.060400000	0.357333333	39.726200000	11.355080000	2228.223900000	876.910700000	0.188163371	9.435600000
2174.000000000	2.073400000	0.349454545	41.558200000	13.844600000	2280.914400000	932.344900000	0.206186559	9.631500000
2174.000000000	2.078600000	0.346303030	41.558200000	13.844600000	2280.914400000	932.344900000	0.225151084	9.631500000
2174.000000000	2.087400000	0.340969697	41.558200000	13.844600000	2280.914400000	932.344900000	0.222988292	9.631500000
2174.500000000	2.111900000	0.326121212	29.756500000	19.325920000	2469.452700000	1058.235700000	0.215835141	9.535900000
2174.500000000	2.142900000	0.307333333	29.756500000	19.325920000	2469.452700000	1058.235700000	0.220852632	9.535900000
2174.500000000	2.175000000	0.287878788	29.756500000	19.325920000	2469.452700000	1058.235700000	0.223617407	9.535900000
2175.000000000	2.208800000	0.267393939	21.109000000	14.808550000	2795.712100000	1245.795300000	0.262179336	9.268600000
2175.000000000	2.225100000	0.257515152	21.109000000	14.808550000	2795.712100000	1245.795300000	0.328143713	9.268600000
2175.000000000	2.232500000	0.253030303	21.109000000	14.808550000	2795.712100000	1245.795300000	0.409278720	9.268600000
2175.500000000	2.231300000	0.253757576	17.880700000	22.769120000	3221.346100000	1359.509000000	0.521543728	9.568100000
2175.500000000	2.197200000	0.274424242	17.880700000	22.769120000	3221.346100000	1359.509000000	0.608724832	9.568100000
2175.500000000	2.158300000	0.298000000	17.880700000	22.769120000	3221.346100000	1359.509000000	0.647492130	9.568100000
2176.000000000	2.173500000	0.288787879	18.565800000	43.827830000	3516.507900000	1514.173200000	0.612416107	9.678700000
2176.000000000	2.262600000	0.234787879	18.565800000	43.827830000	3516.507900000	1514.173200000	0.485853242	9.678700000
2176.000000000	2.357000000	0.177575758	18.565800000	43.827830000	3516.507900000	1514.173200000	0.465730932	9.678700000
2176.500000000	2.366800000	0.171636364	17.152800000	99.713680000	3372.419300000	1655.500900000	0.550749779	9.793900000
2176.500000000	2.309900000	0.206121212	17.152800000	99.713680000	3372.419300000	1655.500900000	0.584880952	9.793900000
2176.500000000	2.272000000	0.229090909	17.152800000	99.713680000	3372.419300000	1655.500900000	0.583229814	9.793900000
2177.000000000	2.263600000	0.234181818	17.480900000	183.936020000	3244.687400000	1605.306900000	0.544484083	9.550800000
2177.000000000	2.285600000	0.220848485	17.480900000	183.936020000	3244.687400000	1605.306900000	0.477898551	9.550800000
2177.000000000	2.318800000	0.200727273	17.480900000	183.936020000	3244.687400000	1605.306900000	0.440599751	9.550800000
2177.500000000	2.328200000	0.195030303	13.193200000	247.925860000	3231.188000000	1485.785400000	0.491205212	9.712100000
2177.500000000	2.281600000	0.223272727	13.193200000	247.925860000	3231.188000000	1485.785400000	0.578836262	9.712100000
2179.000000000	2.020800000	0.381333333	21.492300000	73.251690000	2933.425700000	1174.523800000	0.586241772	9.102700000
2179.000000000	2.027100000	0.377515152	21.492300000	73.251690000	2933.425700000	1174.523800000	0.589382969	9.102700000
2179.000000000	2.014700000	0.385030303	21.492300000	73.251690000	2933.425700000	1174.523800000	0.595717131	9.102700000
2179.500000000	1.997400000	0.395515152	18.821500000	52.532920000	2913.152500000	1108.075200000	0.591566813	8.913800000
2179.500000000	1.990700000	0.399575758	18.821500000	52.532920000	2913.152500000	1108.075200000	0.585312316	8.913800000
2179.500000000	1.971200000	0.411393939	18.821500000	52.532920000	2913.152500000	1108.075200000	0.586803602	8.913800000
2180.000000000	1.939200000	0.430787879	21.340900000	42.266610000	2855.770100000	1054.695900000	0.580818035	9.319300000
2180.000000000	1.909200000	0.448969697	21.340900000	42.266610000	2855.770100000	1054.695900000	0.534696389	9.319300000
2180.000000000	1.918800000	0.443151515	21.340900000	42.266610000	2855.770100000	1054.695900000	0.459561724	9.319300000
2180.500000000	1.965500000	0.414848485	23.215600000	38.655950000	2797.214300000	1018.465900000	0.359678183	9.628000000
2180.500000000	2.016100000	0.384181818	23.215600000	38.655950000	2797.214300000	1018.465900000	0.256405694	9.628000000
2180.500000000	2.031800000	0.374666667	23.215600000	38.655950000	2797.214300000	1018.465900000	0.194149937	9.628000000
2181.000000000	2.012400000	0.386424242	20.932800000	40.217380000	2719.936200000	996.938000000	0.145803085	9.457500000
2181.000000000	1.988800000	0.400727273	20.932800000	40.217380000	2719.936200000	996.938000000	0.103430215	9.457500000
2181.000000000	1.972200000	0.410787879	20.932800000	40.217380000	2719.936200000	996.938000000	0.060274368	9.457500000
2181.500000000	1.957500000	0.419696970	23.570900000	31.163770000	2614.463900000	960.615900000	0.061866850	9.466700000
2181.500000000	1.921500000	0.441515152	23.570900000	31.163770000	2614.463900000	960.615900000	0.102586207	9.466700000
2181.500000000	1.884400000	0.464000000	23.570900000	31.163770000	2614.463900000	960.615900000	0.100078176	9.466700000
2182.500000000	1.886900000	0.462484848	22.015400000	21.807880000	2456.598900000	900.335600000	0.193128246	9.084300000
2182.500000000	1.899100000	0.455090909	22.015400000	21.807880000	2456.598900000	900.335600000	0.215257732	9.084300000
2182.500000000	1.922500000	0.440909091	22.015400000	21.807880000	2456.598900000	900.335600000	0.248083673	9.084300000
2183.000000000	1.937700000	0.431696970	22.098500000	17.498500000	2505.886300000	903.108600000	0.282059282	9.268600000
2183.000000000	1.944900000	0.427333333	22.098500000	17.498500000	2505.886300000	903.108600000	0.288230625	9.268600000
2183.000000000	1.957100000	0.419939394	22.098500000	17.498500000	2505.886300000	903.108600000	0.292057522	9.268600000
2190.500000000	1.949400000	0.424606061	26.977400000	9.586250000	2108.891200000	760.749700000	0.000000000	9.489800000
2194.500000000	1.929800000	0.436484848	27.520600000	9.869050000	2090.417000000	726.332200000	0.059532074	9.093500000
2194.500000000	1.885500000	0.463333333	27.520600000	9.869050000	2090.417000000	726.332200000	0.118992806	9.093500000
2195.000000000	1.897200000	0.456242424	25.362200000	9.912240000	2077.362000000	723.213300000	0.045544271	8.692700000
2195.000000000	1.950900000	0.423696970	25.362200000	9.912240000	2077.362000000	723.213300000	0.009020772	8.692700000
2195.000000000	1.976000000	0.408484848	25.362200000	9.912240000	2077.362000000	723.213300000	0.016262136	8.692700000
2195.500000000	1.970200000	0.412000000	24.060600000	10.023220000	2076.504900000	723.507600000	0.025349956	9.158000000
2195.500000000	1.964200000	0.415636364	24.060600000	10.023220000	2076.504900000	723.507600000	0.013719964	9.158000000
2195.500000000	1.975800000	0.408606061	24.060600000	10.023220000	2076.504900000	723.507600000	-0.005699954	9.158000000
2196.000000000	1.974200000	0.409575758	25.856900000	9.954960000	2078.906400000	725.597800000	0.027774489	8.807900000
2196.000000000	1.932400000	0.434909091	25.856900000	9.954960000	2078.906400000	725.597800000	0.095673077	8.807900000
2196.500000000	1.916600000	0.444484848	23.822700000	9.725570000	2083.009600000	724.536400000	0.126404418	9.047500000
2196.500000000	1.941200000	0.429575758	23.822700000	9.725570000	2083.009600000	724.536400000	0.106327596	9.047500000
2196.500000000	1.963400000	0.416121212	23.822700000	9.725570000	2083.009600000	724.536400000	0.084401398	9.047500000
2197.000000000	1.945100000	0.427212121	23.126400000	9.211740000	2087.646200000	722.029800000	0.115193644	8.794000000
2197.000000000	1.909700000	0.448666667	23.126400000	9.211740000	2087.646200000	722.029800000	0.162630015	8.794000000
2197.000000000	1.905800000	0.451030303	23.126400000	9.211740000	2087.646200000	722.029800000	0.168348562	8.794000000
2197.500000000	1.948500000	0.425151515	25.014800000	9.546290000	2096.030100000	714.568800000	0.118902352	8.609700000
2197.500000000	1.970700000	0.411696970	25.014800000	9.546290000	2096.030100000	714.568800000	0.090350361	8.609700000
2197.500000000	1.945100000	0.427212121	25.014800000	9.546290000	2096.030100000	714.568800000	0.121279614	8.609700000
2198.000000000	1.929200000	0.436848485	25.373500000	9.903920000	2109.024100000	720.975400000	0.138374029	8.729500000
2198.000000000	1.954600000	0.421454545	25.373500000	9.903920000	2109.024100000	720.975400000	0.105241588	8.729500000
2198.000000000	1.973500000	0.410000000	25.373500000	9.903920000	2109.024100000	720.975400000	0.080000000	8.729500000
2198.500000000	1.962700000	0.416545455	24.701900000	9.886330000	2114.928000000	736.545200000	0.094216499	8.978300000
2198.500000000	1.973700000	0.409878788	24.701900000	9.886330000	2114.928000000	736.545200000	0.077288186	8.978300000
2198.500000000	2.004300000	0.391333333	24.701900000	9.886330000	2114.928000000	736.545200000	0.000000000	8.978300000
2199.000000000	2.010900000	0.387333333	25.081500000	9.656650000	2114.417200000	741.029400000	0.000000000	8.941500000
2199.000000000	1.988700000	0.400787879	25.081500000	9.656650000	2114.417200000	741.029400000	0.000000000	8.941500000
2199.000000000	1.984200000	0.403515152	25.081500000	9.656650000	2114.417200000	741.029400000	0.000000000	8.941500000
2199.500000000	1.956700000	0.420181818	28.221000000	10.217440000	2112.941300000	744.624700000	0.000000000	9.780100000
2200.000000000	1.910900000	0.447939394	25.392600000	11.257140000	2113.364700000	747.494500000	0.000000000	9.489800000
2200.000000000	1.917600000	0.443878788	25.392600000	11.257140000	2113.364700000	747.494500000	0.036673949	9.489800000
2201.500000000	1.954800000	0.421333333	24.298000000	9.634680000	2104.742600000	750.159600000	0.000079114	9.595800000
2201.500000000	1.943300000	0.428303030	24.298000000	9.634680000	2104.742600000	750.159600000	0.017985001	9.595800000
2203.000000000	1.941900000	0.429151515	27.001900000	10.297940000	2092.174700000	749.761200000	0.014567152	9.065900000
2203.500000000	1.968100000	0.413272727	27.416100000	10.389250000	2093.955500000	750.534400000	0.010338759	9.098100000
2204.000000000	1.973800000	0.409818182	29.504500000	10.610990000	2099.209100000	749.040300000	0.008340728	8.476100000
2204.000000000	1.977800000	0.407393939	29.504500000	10.610990000	2099.209100000	749.040300000	0.007594466	8.476100000
2204.000000000	1.966200000	0.414424242	29.504500000	10.610990000	2099.209100000	749.040300000	0.026118748	8.476100000
2204.500000000	1.971200000	0.411393939	30.611100000	10.368050000	2110.224000000	746.829600000	0.020646730	8.614300000
2205.000000000	1.981300000	0.405272727	29.399500000	10.214760000	2111.299000000	746.403500000	0.013750561	9.070500000
2205.000000000	1.947800000	0.425575758	29.399500000	10.214760000	2111.299000000	746.403500000	0.064091427	9.070500000
2205.000000000	1.946500000	0.426363636	29.399500000	10.214760000	2111.299000000	746.403500000	0.069808102	9.070500000
2205.500000000	1.968300000	0.413151515	29.726900000	9.915770000	2114.421300000	747.402200000	0.044176324	8.738700000
2205.500000000	1.975900000	0.408545455	29.726900000	9.915770000	2114.421300000	747.402200000	0.036582109	8.738700000
2205.500000000	1.969700000	0.412303030	29.726900000	9.915770000	2114.421300000	747.402200000	0.045119800	8.738700000
2206.000000000	1.981600000	0.405090909	33.594100000	10.606110000	2114.468100000	748.512100000	0.027872531	9.333100000
