1924.594150000	61.742770000	1.461930000	1.850930000	8.695000000	1559.828000000	0.000000000	0.000000000
1924.746540000	61.486010000	1.402750000	1.861720000	8.795460000	1559.522000000	0.000000000	0.000000000
1924.898920000	62.791980000	1.436820000	1.855020000	8.844170000	1558.420000000	0.000000000	0.000000000
1925.051310000	62.346250000	1.470260000	1.844700000	8.909000000	1569.007000000	0.000000000	0.000000000
1925.203690000	61.314090000	1.375820000	1.836020000	8.912840000	1559.635000000	0.000000000	0.000000000
1925.356080000	60.677500000	1.467260000	1.841230000	8.985980000	1558.387000000	0.000000000	0.000000000
1925.508460000	59.370550000	1.466700000	1.854340000	9.093960000	1557.675000000	0.000000000	0.000000000
1925.660840000	60.775510000	1.440210000	1.833680000	9.070150000	1557.107000000	0.000000000	0.000000000
1925.813230000	62.114530000	1.419510000	1.839070000	9.174750000	1558.192000000	0.000000000	0.000000000
1925.965610000	63.146950000	1.434110000	1.818700000	9.125330000	1560.202000000	0.000000000	0.000000000
1926.118000000	61.458480000	1.412200000	1.829050000	9.094390000	1559.651000000	0.000000000	0.000000000
1926.270380000	59.110210000	1.355800000	1.820090000	8.924210000	1559.748000000	0.000000000	0.000000000
1926.422770000	59.678640000	1.295960000	1.835330000	8.837690000	1560.497000000	0.000000000	0.000000000
1926.575150000	60.778530000	1.333440000	1.833140000	8.772310000	1559.131000000	0.000000000	0.000000000
1926.727540000	62.436760000	1.438030000	1.826340000	8.686800000	1560.262000000	0.000000000	0.000000000
1926.879920000	62.684170000	1.635620000	1.820530000	8.652670000	1560.446000000	0.000000000	0.000000000
1927.032300000	62.448540000	1.411830000	1.818970000	8.638460000	1562.612000000	0.000000000	0.000000000
1927.184690000	62.706210000	1.385010000	1.808000000	8.682060000	1557.846000000	0.000000000	0.000000000
1927.337070000	60.833690000	1.270720000	1.790220000	8.675630000	1554.950000000	0.000000000	0.000000000
1927.489460000	60.152230000	1.247540000	1.789210000	8.756650000	1556.848000000	0.000000000	0.000000000
1927.641840000	61.165080000	1.350320000	1.781840000	8.712160000	1558.625000000	0.000000000	0.000000000
1927.794230000	62.221370000	1.339560000	1.803300000	8.804740000	1563.755000000	0.000000000	0.000000000
1927.946610000	63.451020000	1.441520000	1.798180000	8.716240000	1562.932000000	0.000000000	0.000000000
1928.098990000	64.441860000	1.242650000	1.818410000	8.754250000	1568.436000000	0.000000000	0.000000000
1928.251380000	65.062650000	1.161530000	1.812620000	8.728120000	1567.021000000	0.000000000	0.000000000
1928.403760000	64.231960000	1.604880000	1.818760000	8.761780000	1566.861000000	0.000000000	0.000000000
1928.556150000	62.247760000	1.847990000	1.811490000	8.761380000	1570.275000000	0.000000000	0.000000000
1928.708530000	62.745320000	1.659250000	1.809590000	8.750330000	1569.602000000	0.000000000	0.000000000
1928.860920000	62.857560000	1.906210000	1.804810000	8.742410000	1570.310000000	0.000000000	0.000000000
1929.013300000	63.184520000	1.872310000	1.811880000	8.725000000	1573.046000000	0.000000000	0.000000000
1929.165690000	63.270000000	1.731360000	1.804890000	8.694660000	1570.832000000	0.000000000	0.000000000
1929.318070000	63.366950000	1.767720000	1.805510000	8.722120000	1570.493000000	0.000000000	0.000000000
1929.470450000	63.058680000	1.642720000	1.808160000	8.788890000	1571.366000000	0.000000000	0.000000000
1929.622840000	64.441670000	1.754680000	1.818170000	8.833980000	1569.835000000	0.000000000	0.000000000
1929.775220000	64.517880000	1.988950000	1.823540000	8.825890000	1568.865000000	0.000000000	0.000000000
1929.927610000	65.182440000	2.217600000	1.803810000	8.687160000	1572.579000000	0.150090000	1.000000000
1930.079990000	63.075040000	1.764250000	1.802860000	8.681220000	1572.914000000	0.227710000	1.000000000
1930.232380000	62.317110000	2.373930000	1.794180000	8.664030000	1572.939000000	0.199320000	1.000000000
1930.384760000	60.391340000	2.200910000	1.794290000	8.694670000	1572.865000000	0.223960000	1.000000000
1930.537140000	59.924760000	2.163070000	1.787940000	8.706500000	1571.372000000	0.229690000	1.000000000
1930.689530000	60.702060000	2.156270000	1.788020000	8.733780000	1572.171000000	0.208930000	1.000000000
1930.841910000	63.032710000	2.473300000	1.786870000	8.767560000	1570.640000000	0.230760000	1.000000000
1930.994300000	64.089610000	2.089470000	1.786480000	8.781910000	1574.345000000	0.249430000	1.000000000
1931.146680000	65.545100000	2.607450000	1.785410000	8.750660000	1574.673000000	0.192520000	1.000000000
1931.299070000	65.230780000	2.958070000	1.796470000	8.773110000	1574.087000000	0.231730000	1.000000000
1931.451450000	64.431440000	2.953420000	1.796280000	8.740140000	1573.131000000	0.372680000	1.000000000
1931.603840000	62.413990000	2.553850000	1.800810000	8.808020000	1571.564000000	0.396560000	1.000000000
1931.756220000	64.114330000	1.815310000	1.797800000	8.737670000	1569.482000000	0.301620000	1.000000000
1931.908600000	64.811680000	1.670380000	1.803820000	8.770120000	1565.571000000	0.259810000	1.000000000
1932.060990000	66.652310000	1.207460000	1.812060000	8.805860000	1564.568000000	0.000000000	0.000000000
1932.213370000	64.659790000	1.491340000	1.802090000	8.858650000	1566.287000000	0.000000000	0.000000000
1932.365760000	63.450760000	1.563180000	1.792500000	8.866080000	1566.931000000	0.000000000	0.000000000
1932.518140000	61.379670000	2.154180000	1.790640000	8.817680000	1567.076000000	0.000000000	0.000000000
1932.670530000	61.109160000	1.709570000	1.797580000	8.825640000	1578.071000000	0.000000000	0.000000000
1932.822910000	60.960400000	2.473020000	1.802130000	8.825850000	1570.043000000	0.138080000	1.000000000
1932.975290000	61.877540000	2.405610000	1.794780000	8.830880000	1569.559000000	0.228800000	1.000000000
1933.127680000	59.315900000	3.119430000	1.791740000	8.823630000	1568.203000000	0.174270000	1.000000000
1933.280060000	57.991190000	3.533710000	1.769020000	8.818500000	1571.289000000	0.275000000	1.000000000
1933.432450000	56.033490000	3.864200000	1.762120000	8.752520000	1573.226000000	0.364360000	1.000000000
1933.584830000	57.613760000	3.969300000	1.753220000	8.672090000	1573.888000000	0.364750000	1.000000000
1933.737220000	56.226720000	4.188540000	1.774440000	8.701530000	1573.887000000	0.313490000	1.000000000
1933.889600000	58.814070000	3.559000000	1.766020000	8.614460000	1573.981000000	0.287580000	1.000000000
1934.041980000	59.419480000	2.287850000	1.762860000	8.579960000	1571.596000000	0.238650000	1.000000000
1934.194370000	63.464340000	3.182730000	1.770840000	8.552850000	1569.550000000	0.094090000	1.000000000
1934.346750000	62.438270000	2.222580000	1.786060000	8.609190000	1570.533000000	0.000000000	0.000000000
1934.499140000	61.096500000	2.083880000	1.795610000	8.663890000	1570.154000000	0.000000000	0.000000000
1934.651520000	59.964040000	2.183840000	1.790080000	8.647320000	1570.009000000	0.000000000	0.000000000
1934.803910000	60.276140000	2.314750000	1.799830000	8.671880000	1568.582000000	0.000000000	0.000000000
1934.956290000	61.287140000	2.350860000	1.814570000	8.766610000	1568.463000000	0.000000000	0.000000000
1935.108670000	59.200280000	1.912430000	1.810880000	8.824680000	1570.705000000	0.000000000	0.000000000
1935.261060000	56.782610000	2.218660000	1.782460000	8.720550000	1571.642000000	0.000000000	0.000000000
1935.413440000	54.472330000	2.192850000	1.766750000	8.577970000	1570.867000000	0.000000000	0.000000000
1935.565830000	54.360210000	2.481960000	1.760930000	8.484530000	1572.984000000	0.000000000	0.000000000
1935.718210000	53.932130000	2.683030000	1.781240000	8.583440000	1573.347000000	0.200280000	1.000000000
1935.870600000	55.139490000	1.998980000	1.787290000	8.661370000	1574.375000000	0.200240000	1.000000000
1936.022980000	55.585050000	2.051410000	1.789460000	8.659740000	1573.597000000	0.208850000	1.000000000
1936.175360000	55.331210000	1.739290000	1.783550000	8.526050000	1586.618000000	0.000000000	0.000000000
1936.327750000	54.730860000	2.252640000	1.788420000	8.458390000	1577.250000000	0.000000000	0.000000000
1936.480130000	53.531290000	2.149900000	1.783870000	8.358640000	1577.823000000	0.192090000	1.000000000
1936.632520000	53.817910000	2.489560000	1.798270000	8.391370000	1582.556000000	0.180990000	1.000000000
1936.784900000	56.383030000	2.163060000	1.798230000	8.406600000	1586.869000000	0.175960000	1.000000000
1936.937290000	55.458040000	2.435000000	1.811860000	8.593160000	1588.865000000	0.175550000	1.000000000
1937.089670000	54.939470000	2.381340000	1.797870000	8.573720000	1589.411000000	0.209440000	1.000000000
1937.242050000	52.222720000	2.489780000	1.793400000	8.568970000	1589.974000000	0.202830000	1.000000000
1937.394440000	55.200160000	2.523900000	1.786060000	8.512460000	1589.476000000	0.247550000	1.000000000
1937.546820000	55.771950000	2.509850000	1.782860000	8.435460000	1609.391000000	0.281420000	1.000000000
1937.699210000	56.286710000	2.360320000	1.787200000	8.425330000	1590.641000000	0.251880000	1.000000000
1937.851590000	54.902260000	2.613950000	1.784850000	8.405230000	1590.262000000	0.268980000	1.000000000
1938.003980000	55.993270000	2.564140000	1.787570000	8.435650000	1591.523000000	0.253800000	1.000000000
1938.156360000	56.192210000	2.274380000	1.790980000	8.443770000	1592.466000000	0.208960000	1.000000000
1938.308740000	56.440440000	2.277420000	1.805920000	8.508280000	1591.360000000	0.226850000	1.000000000
1938.461130000	55.325050000	2.409790000	1.811300000	8.556600000	1603.601000000	0.222900000	1.000000000
1938.613510000	53.907430000	2.484500000	1.806800000	8.567320000	1591.902000000	0.219980000	1.000000000
1938.765900000	53.876030000	2.637390000	1.798470000	8.462150000	1592.076000000	0.282300000	1.000000000
1938.918280000	56.265880000	2.463950000	1.796030000	8.414980000	1592.403000000	0.263440000	1.000000000
1939.070670000	56.426270000	2.457160000	1.808230000	8.502630000	1594.192000000	0.247360000	1.000000000
1939.223050000	56.501950000	2.579660000	1.816510000	8.613490000	1595.716000000	0.241460000	1.000000000
1939.375430000	53.533960000	2.356470000	1.821170000	8.641870000	1595.363000000	0.244580000	1.000000000
1939.527820000	54.768930000	2.444830000	1.819330000	8.587770000	1596.514000000	0.207520000	1.000000000
1939.680200000	55.279550000	2.613190000	1.818620000	8.535470000	1604.078000000	0.238490000	1.000000000
1939.832590000	57.610590000	2.667570000	1.825650000	8.580070000	1600.672000000	0.257440000	1.000000000
1939.984970000	57.974350000	2.777950000	1.813960000	8.537580000	1599.380000000	0.258140000	1.000000000
1940.137350000	58.380680000	3.216540000	1.823180000	8.611220000	1605.362000000	0.318710000	1.000000000
1940.289740000	57.448860000	3.107620000	1.820160000	8.634320000	1606.486000000	0.326570000	1.000000000
1940.442120000	57.523740000	3.498030000	1.827900000	8.645350000	1606.953000000	0.302910000	1.000000000
1940.594510000	58.552470000	3.276450000	1.817010000	8.555780000	1609.275000000	0.348130000	1.000000000
1940.746890000	59.896070000	3.502650000	1.814820000	8.485320000	1614.845000000	0.332990000	1.000000000
1940.899280000	58.766170000	3.488170000	1.807430000	8.388130000	1616.912000000	0.360890000	1.000000000
1941.051660000	56.940410000	3.480640000	1.806950000	8.353510000	1617.250000000	0.367370000	1.000000000
1941.204040000	56.287930000	3.222660000	1.812420000	8.390390000	1615.145000000	0.304220000	1.000000000
1941.356430000	56.116870000	3.343390000	1.821160000	8.475590000	1612.796000000	0.316950000	1.000000000
1941.508810000	56.460870000	3.588420000	1.820950000	8.479740000	1612.897000000	0.325360000	1.000000000
1941.661200000	57.460990000	3.594440000	1.817880000	8.437440000	1613.660000000	0.347210000	1.000000000
1941.813580000	58.319620000	3.465150000	1.822530000	8.427520000	1614.186000000	0.340420000	1.000000000
1941.965960000	58.741680000	3.074340000	1.830070000	8.503410000	1613.365000000	0.319910000	1.000000000
1942.118350000	56.796340000	3.198690000	1.839420000	8.579350000	1612.458000000	0.347090000	1.000000000
1942.270730000	55.076120000	3.592110000	1.839940000	8.613860000	1612.851000000	0.345430000	1.000000000
1942.423120000	53.165920000	3.469240000	1.834610000	8.560220000	1613.710000000	0.317940000	1.000000000
1942.575500000	54.637960000	3.534490000	1.833440000	8.584390000	1610.048000000	0.323410000	1.000000000
1942.727890000	57.535780000	3.937010000	1.839920000	8.741550000	1605.834000000	0.359660000	1.000000000
1942.880270000	60.709900000	3.679130000	1.843930000	8.835050000	1595.579000000	0.390470000	1.000000000
1943.032650000	59.874210000	2.425440000	1.836800000	8.863580000	1592.830000000	0.398560000	1.000000000
1943.185040000	59.395930000	2.650390000	1.826340000	8.814290000	1601.150000000	0.318090000	1.000000000
1943.337420000	58.855140000	3.176040000	1.810190000	8.767860000	1618.943000000	0.356740000	1.000000000
1943.489810000	60.121890000	3.165830000	1.787930000	8.552650000	1608.915000000	0.293730000	1.000000000
1943.642190000	61.078620000	2.908790000	1.801810000	8.527070000	1605.686000000	0.296170000	1.000000000
1943.794570000	63.621860000	3.377120000	1.820270000	8.605210000	1605.247000000	0.365110000	1.000000000
1943.946960000	62.008750000	3.251710000	1.865920000	8.903510000	1603.812000000	0.312390000	1.000000000
1944.099340000	59.540210000	2.898680000	1.864810000	8.989050000	1607.047000000	0.261670000	1.000000000
1944.251730000	58.310350000	2.562560000	1.866650000	8.960600000	1609.077000000	0.240730000	1.000000000
1944.404110000	61.074820000	2.896390000	1.858890000	8.912910000	1609.153000000	0.265200000	1.000000000
1944.556500000	64.327920000	3.444410000	1.854980000	8.916070000	1608.928000000	0.300890000	1.000000000
1944.708880000	62.428710000	3.773210000	1.849540000	8.991300000	1603.712000000	0.371190000	1.000000000
1944.861260000	63.204250000	3.974660000	1.850920000	9.053560000	1599.055000000	0.279370000	1.000000000
1945.013650000	61.861530000	2.637710000	1.844450000	9.080720000	1597.573000000	0.331800000	1.000000000
1945.166030000	60.727380000	3.099080000	1.843300000	9.045730000	1597.018000000	0.201380000	1.000000000
1945.318420000	57.818440000	2.503590000	1.838720000	8.966190000	1596.667000000	0.251590000	1.000000000
1945.470800000	58.777150000	2.266830000	1.834410000	8.853960000	1593.190000000	0.227950000	1.000000000
1945.623180000	61.031660000	2.575910000	1.836890000	8.823730000	1591.345000000	0.208570000	1.000000000
1945.775570000	61.833260000	2.205810000	1.825300000	8.702810000	1592.485000000	0.000000000	0.000000000
1945.927950000	61.300870000	2.145230000	1.825330000	8.655900000	1593.376000000	0.000000000	0.000000000
1946.080340000	60.593850000	2.093920000	1.828600000	8.579940000	1594.546000000	0.000000000	0.000000000
1946.232720000	60.715980000	2.599210000	1.830970000	8.587870000	1597.861000000	0.235400000	1.000000000
1946.385100000	61.320120000	2.444240000	1.822930000	8.567650000	1601.711000000	0.245580000	1.000000000
1946.537490000	61.523060000	2.740320000	1.811490000	8.523330000	1621.967000000	0.264510000	1.000000000
1946.689870000	58.788380000	2.279020000	1.801670000	8.540370000	1621.552000000	0.259480000	1.000000000
1946.842260000	56.078610000	2.486070000	1.798780000	8.630060000	1617.544000000	0.284820000	1.000000000
1946.994640000	56.381500000	4.788070000	1.782210000	8.678760000	1616.293000000	0.341290000	1.000000000
1947.147030000	57.882510000	4.983100000	1.755340000	8.621070000	1612.472000000	0.459320000	1.000000000
1947.299410000	56.592270000	4.426760000	1.740140000	8.488520000	1612.505000000	0.496310000	1.000000000
1947.451790000	53.549050000	4.100150000	1.747940000	8.460680000	1611.567000000	0.478390000	1.000000000
1947.604180000	52.045160000	3.496820000	1.765410000	8.528910000	1601.504000000	0.367350000	1.000000000
1947.756560000	53.982030000	3.609290000	1.776280000	8.586050000	1598.954000000	0.338250000	1.000000000
1947.908950000	55.553280000	2.772680000	1.776270000	8.548030000	1601.104000000	0.397340000	1.000000000
1948.061330000	56.317650000	2.309180000	1.786890000	8.562350000	1597.377000000	0.366950000	1.000000000
1948.213710000	56.301900000	2.700650000	1.792570000	8.558760000	1594.882000000	0.322660000	1.000000000
1948.366100000	58.099670000	3.162140000	1.799180000	8.595540000	1597.562000000	0.364980000	1.000000000
1948.518480000	57.912030000	2.688010000	1.806620000	8.573160000	1604.062000000	0.375110000	1.000000000
1948.670870000	56.959500000	3.048040000	1.809010000	8.552170000	1604.764000000	0.363220000	1.000000000
1948.823250000	55.546170000	1.747860000	1.816590000	8.575760000	1614.890000000	0.312450000	1.000000000
1948.975630000	55.658600000	1.841280000	1.812640000	8.572060000	1611.344000000	0.361070000	1.000000000
1949.128020000	56.821530000	2.891850000	1.806910000	8.593070000	1610.321000000	0.182140000	1.000000000
1949.280400000	57.291450000	2.692130000	1.815250000	8.669570000	1618.294000000	0.258920000	1.000000000
1949.432790000	57.882060000	3.264380000	1.813530000	8.788020000	1616.363000000	0.377780000	1.000000000
1949.585170000	57.386600000	1.924990000	1.816610000	8.851250000	1612.211000000	0.334790000	1.000000000
1949.737550000	57.248490000	3.503930000	1.790140000	8.725220000	1613.904000000	0.498910000	1.000000000
1949.889940000	57.290780000	5.033330000	1.781640000	8.530020000	1607.894000000	0.590940000	1.000000000
1950.042320000	57.354130000	5.116580000	1.781560000	8.482240000	1606.283000000	0.554520000	1.000000000
1950.194710000	56.376630000	5.748890000	1.785620000	8.514590000	1606.457000000	0.528360000	1.000000000
1950.347090000	55.558880000	5.463380000	1.787310000	8.609170000	1601.028000000	0.426080000	1.000000000
1950.499470000	55.534000000	4.262440000	1.784960000	8.621830000	1602.737000000	0.403830000	1.000000000
1950.651860000	56.068920000	3.650020000	1.790260000	8.636980000	1602.195000000	0.400490000	1.000000000
1950.804240000	55.918530000	2.944630000	1.798250000	8.624070000	1626.057000000	0.349580000	1.000000000
1950.956630000	55.004590000	2.697320000	1.796700000	8.600560000	1624.333000000	0.302980000	1.000000000
1951.109010000	57.488050000	2.734640000	1.802040000	8.636350000	1606.043000000	0.283240000	1.000000000
1951.261390000	59.214710000	2.551050000	1.808590000	8.609490000	1603.029000000	0.238250000	1.000000000
1951.413780000	61.206230000	2.510960000	1.821690000	8.616710000	1605.529000000	0.264660000	1.000000000
1951.566160000	59.696330000	2.179560000	1.819160000	8.548940000	1600.820000000	0.218390000	1.000000000
1951.718550000	60.294990000	2.379730000	1.814340000	8.573040000	1606.513000000	0.172700000	1.000000000
1951.870930000	59.117220000	2.829660000	1.813450000	8.627410000	1625.684000000	0.132750000	1.000000000
1952.023310000	56.835440000	6.004100000	1.817710000	8.703210000	1636.296000000	0.493610000	1.000000000
1952.175700000	54.390300000	4.425220000	1.817040000	8.733930000	1639.717000000	0.491950000	1.000000000
1952.328080000	53.489090000	4.047040000	1.803990000	8.656960000	1640.699000000	0.468500000	1.000000000
1952.480470000	53.026450000	3.355150000	1.799990000	8.622200000	1639.386000000	0.534120000	1.000000000
1952.632850000	54.348640000	7.574220000	1.789690000	8.566950000	1637.485000000	0.503900000	1.000000000
1952.785230000	53.878470000	6.515540000	1.795270000	8.564580000	1621.514000000	0.555930000	1.000000000
1952.937620000	53.755550000	5.724270000	1.794920000	8.541450000	1617.972000000	0.527170000	1.000000000
1953.090000000	53.135130000	6.456630000	1.798700000	8.535340000	1615.347000000	0.514210000	1.000000000
1953.242390000	54.830930000	5.753040000	1.799600000	8.548350000	1613.330000000	0.468060000	1.000000000
1953.394770000	56.996120000	4.459650000	1.799100000	8.499930000	1609.944000000	0.459360000	1.000000000
1953.547150000	57.922730000	4.904760000	1.802840000	8.444390000	1613.632000000	0.486070000	1.000000000
1953.699540000	57.992980000	5.675820000	1.806180000	8.435670000	1606.634000000	0.505090000	1.000000000
1953.851920000	59.126040000	4.793290000	1.810710000	8.479070000	1606.826000000	0.490970000	1.000000000
1954.004310000	58.220330000	5.547870000	1.812210000	8.535660000	1609.344000000	0.410420000	1.000000000
1954.156690000	57.936960000	3.108140000	1.813450000	8.562470000	1611.336000000	0.395110000	1.000000000
1954.309070000	55.018240000	3.645290000	1.802660000	8.503290000	1609.934000000	0.315230000	1.000000000
1954.461460000	56.731620000	3.548230000	1.802770000	8.522960000	1611.684000000	0.356870000	1.000000000
1954.613840000	54.517220000	3.175280000	1.803880000	8.559700000	1612.738000000	0.322440000	1.000000000
1954.766230000	54.940720000	2.739540000	1.809950000	8.640060000	1616.532000000	0.319350000	1.000000000
1954.918610000	55.150390000	3.119160000	1.811670000	8.627070000	1618.215000000	0.306620000	1.000000000
1955.070990000	57.915470000	2.909100000	1.809970000	8.613310000	1609.563000000	0.311410000	1.000000000
1955.223380000	60.257000000	3.218520000	1.804150000	8.551260000	1610.166000000	0.278590000	1.000000000
1955.375760000	59.640740000	2.541540000	1.801960000	8.513880000	1611.948000000	0.263230000	1.000000000
1955.528150000	60.670520000	2.636550000	1.800880000	8.453030000	1610.808000000	0.328290000	1.000000000
1955.680530000	60.446110000	2.560220000	1.806970000	8.455470000	1610.473000000	0.288380000	1.000000000
1955.832910000	61.815490000	2.316290000	1.800820000	8.411450000	1610.235000000	0.334320000	1.000000000
1955.985300000	61.467610000	3.005760000	1.803920000	8.429080000	1611.245000000	0.319500000	1.000000000
1956.137680000	60.360730000	3.003070000	1.800060000	8.445450000	1610.040000000	0.367150000	1.000000000
1956.290070000	58.804040000	2.875420000	1.808580000	8.558850000	1610.437000000	0.422380000	1.000000000
1956.442450000	57.710670000	4.287100000	1.802560000	8.534720000	1609.214000000	0.383290000	1.000000000
1956.594830000	59.292060000	3.527510000	1.803880000	8.511540000	1617.779000000	0.407280000	1.000000000
1956.747220000	58.408880000	4.001870000	1.799500000	8.499560000	1626.174000000	0.376890000	1.000000000
1956.899600000	60.231080000	3.610640000	1.797310000	8.534800000	1605.557000000	0.337580000	1.000000000
1957.051990000	59.382840000	4.504880000	1.791590000	8.475480000	1608.551000000	0.355290000	1.000000000
1957.204370000	59.640420000	3.165300000	1.791630000	8.414050000	1605.910000000	0.350180000	1.000000000
1957.356750000	57.892600000	4.070610000	1.792440000	8.392850000	1623.120000000	0.397390000	1.000000000
1957.509140000	56.691400000	3.126190000	1.797830000	8.393230000	1612.269000000	0.378410000	1.000000000
1957.661520000	56.723180000	3.691380000	1.799800000	8.387980000	1608.451000000	0.319500000	1.000000000
1957.813910000	57.001010000	4.289960000	1.808490000	8.415130000	1605.378000000	0.381870000	1.000000000
1957.966290000	59.501010000	5.104250000	1.812210000	8.484430000	1604.224000000	0.429020000	1.000000000
1958.118670000	60.280910000	4.649420000	1.815650000	8.559240000	1622.913000000	0.469150000	1.000000000
1958.271060000	60.884670000	4.299010000	1.819550000	8.581420000	1614.118000000	0.410990000	1.000000000
1958.423440000	59.704750000	2.942700000	1.820770000	8.586500000	1613.347000000	0.329300000	1.000000000
1958.575820000	59.758970000	3.144740000	1.822590000	8.624350000	1618.471000000	0.249020000	1.000000000
1958.728210000	59.182070000	2.914950000	1.819940000	8.640290000	1614.908000000	0.291800000	1.000000000
1958.880590000	55.911220000	3.032200000	1.826170000	8.697300000	1607.833000000	0.286270000	1.000000000
1959.032980000	55.154190000	3.479370000	1.831090000	8.717010000	1606.279000000	0.386070000	1.000000000
1959.185360000	54.924100000	3.369790000	1.825810000	8.614760000	1606.056000000	0.404160000	1.000000000
1959.337740000	58.410530000	3.256390000	1.818550000	8.518570000	1607.355000000	0.341620000	1.000000000
1959.490130000	58.410170000	2.889410000	1.815430000	8.467710000	1612.298000000	0.294020000	1.000000000
1959.642510000	59.078190000	2.892260000	1.816280000	8.505400000	1617.029000000	0.286130000	1.000000000
1959.794900000	60.080580000	2.850920000	1.822940000	8.591040000	1621.300000000	0.318780000	1.000000000
1959.947280000	62.492390000	3.090610000	1.820460000	8.581400000	1617.022000000	0.265150000	1.000000000
1960.099660000	63.645460000	2.770570000	1.812090000	8.494170000	1612.271000000	0.297370000	1.000000000
1960.252050000	62.931090000	2.675760000	1.812430000	8.437240000	1614.192000000	0.278910000	1.000000000
1960.404430000	60.643060000	2.744290000	1.812550000	8.395260000	1625.968000000	0.279380000	1.000000000
1960.556820000	60.093220000	2.390290000	1.833000000	8.554700000	1614.391000000	0.265050000	1.000000000
1960.709200000	58.810590000	2.423560000	1.835230000	8.599870000	1609.896000000	0.209080000	1.000000000
1960.861580000	56.729420000	2.484130000	1.835560000	8.604830000	1622.357000000	0.165710000	1.000000000
1961.013970000	56.089000000	1.927910000	1.830260000	8.550090000	1623.264000000	0.198890000	1.000000000
1961.166350000	57.578560000	2.172340000	1.825670000	8.482060000	1610.338000000	0.225550000	1.000000000
1961.318730000	57.878310000	2.723120000	1.827870000	8.484090000	1608.964000000	0.212960000	1.000000000
1961.471120000	58.192570000	2.612620000	1.823810000	8.474810000	1615.358000000	0.237440000	1.000000000
1961.623500000	57.278930000	1.826430000	1.831350000	8.554940000	1608.943000000	0.211780000	1.000000000
1961.775890000	59.432040000	1.879410000	1.836790000	8.652870000	1611.823000000	0.000000000	0.000000000
1961.928270000	59.406120000	1.885280000	1.838950000	8.667160000	1612.926000000	0.000000000	0.000000000
1962.080650000	59.250010000	1.692630000	1.830670000	8.616360000	1607.542000000	0.000000000	0.000000000
1962.233040000	59.726540000	1.543660000	1.828690000	8.492890000	1607.577000000	0.000000000	0.000000000
1962.385420000	58.883720000	1.844860000	1.833420000	8.514780000	1608.464000000	0.000000000	0.000000000
1962.537810000	58.862400000	1.662240000	1.840610000	8.554610000	1605.793000000	0.000000000	0.000000000
1962.690190000	59.379960000	1.850620000	1.836770000	8.568070000	1612.082000000	0.000000000	0.000000000
1962.842570000	59.292980000	1.660180000	1.831160000	8.489970000	1634.383000000	0.000000000	0.000000000
1962.994960000	58.896120000	1.772180000	1.828570000	8.470000000	1627.353000000	0.000000000	0.000000000
1963.147340000	56.629720000	1.627960000	1.833000000	8.491000000	1645.254000000	0.000000000	0.000000000
1963.299720000	57.808430000	1.508050000	1.841340000	8.550540000	1629.812000000	0.000000000	0.000000000
1963.452110000	58.976550000	2.485200000	1.844450000	8.561870000	1633.477000000	0.000000000	0.000000000
1963.604490000	60.006030000	6.564450000	1.843750000	8.517960000	1628.774000000	0.335740000	1.000000000
1963.756880000	60.290370000	6.776210000	1.837370000	8.508230000	1629.998000000	0.409420000	1.000000000
1963.909260000	61.156370000	14.072950000	1.835360000	8.527720000	1633.542000000	0.550170000	1.000000000
1964.061640000	61.661110000	11.063320000	1.829670000	8.519860000	1636.155000000	0.652990000	1.000000000
1964.214030000	62.146820000	13.065310000	1.835060000	8.544220000	1634.950000000	0.673810000	1.000000000
1964.366410000	61.674850000	11.608830000	1.836870000	8.558040000	1634.639000000	0.643080000	1.000000000
1964.518790000	62.756850000	7.118650000	1.839390000	8.565750000	1644.736000000	0.605930000	1.000000000
1964.671180000	62.315150000	4.928690000	1.839540000	8.586870000	1640.861000000	0.405320000	1.000000000
1964.823560000	61.234890000	5.511780000	1.835570000	8.556570000	1635.029000000	0.417070000	1.000000000
1964.975950000	61.481950000	5.254760000	1.837580000	8.644940000	1637.595000000	0.326130000	1.000000000
1965.128330000	61.027090000	2.662090000	1.830410000	8.613950000	1630.352000000	0.291250000	1.000000000
1965.280710000	62.563710000	3.103190000	1.840890000	8.646580000	1631.152000000	0.310990000	1.000000000
1965.433100000	61.359340000	4.770740000	1.839390000	8.618030000	1633.804000000	0.397490000	1.000000000
1965.585480000	63.293690000	4.849570000	1.838280000	8.642560000	1626.887000000	0.452680000	1.000000000
1965.737870000	62.868650000	4.622330000	1.830790000	8.566440000	1625.870000000	0.446730000	1.000000000
1965.890250000	63.666940000	4.118440000	1.834270000	8.536330000	1623.642000000	0.431240000	1.000000000
1966.042630000	62.764920000	3.703780000	1.843900000	8.572550000	1624.002000000	0.386150000	1.000000000
1966.195020000	63.810660000	3.445260000	1.848690000	8.602190000	1624.255000000	0.297870000	1.000000000
1966.347400000	62.152440000	3.252970000	1.845550000	8.591310000	1626.393000000	0.300860000	1.000000000
1966.499780000	61.834240000	2.880480000	1.844080000	8.536390000	1651.039000000	0.297670000	1.000000000
1966.652170000	60.603450000	2.971710000	1.835900000	8.479120000	1627.025000000	0.344970000	1.000000000
1966.804550000	63.788100000	3.363980000	1.836620000	8.505050000	1638.470000000	0.333350000	1.000000000
1966.956940000	64.709170000	3.125030000	1.832230000	8.498670000	1617.340000000	0.409960000	1.000000000
1967.109320000	64.415540000	3.746480000	1.830570000	8.493170000	1616.792000000	0.395870000	1.000000000
1967.261700000	61.712750000	3.918940000	1.834110000	8.550410000	1617.040000000	0.408470000	1.000000000
1967.414090000	57.431440000	3.753740000	1.826570000	8.518580000	1617.692000000	0.398020000	1.000000000
1967.566470000	57.625660000	3.393710000	1.828670000	8.519490000	1616.813000000	0.350650000	1.000000000
1967.718850000	56.944900000	3.614020000	1.825820000	8.534310000	1616.896000000	0.356290000	1.000000000
1967.871240000	58.915760000	2.988250000	1.829020000	8.551350000	1616.619000000	0.338630000	1.000000000
1968.023620000	59.701380000	3.255250000	1.824700000	8.574790000	1621.663000000	0.339460000	1.000000000
1968.176010000	61.367490000	3.350960000	1.831070000	8.585360000	1621.545000000	0.339720000	1.000000000
1968.328390000	61.539310000	3.111580000	1.839610000	8.622250000	1634.997000000	0.293660000	1.000000000
1968.480770000	58.817010000	3.110410000	1.847740000	8.668440000	1619.739000000	0.269830000	1.000000000
1968.633160000	57.480060000	2.961180000	1.841320000	8.629240000	1613.134000000	0.278630000	1.000000000
1968.785540000	58.131960000	2.808060000	1.837240000	8.584630000	1612.413000000	0.278170000	1.000000000
1968.937920000	59.909540000	2.944490000	1.849700000	8.652220000	1612.482000000	0.266400000	1.000000000
1969.090310000	60.540940000	2.734200000	1.854480000	8.727640000	1613.530000000	0.209560000	1.000000000
1969.242690000	60.801940000	2.192420000	1.856610000	8.737590000	1620.673000000	0.203240000	1.000000000
1969.395080000	59.674940000	2.226340000	1.849880000	8.686110000	1611.550000000	0.154270000	1.000000000
1969.547460000	59.343710000	2.209810000	1.838620000	8.655040000	1614.129000000	0.156530000	1.000000000
1969.699840000	58.009720000	2.192080000	1.829990000	8.594620000	1614.075000000	0.156470000	1.000000000
1969.852230000	58.875960000	2.122760000	1.818440000	8.568060000	1633.243000000	0.139230000	1.000000000
1970.004610000	58.121070000	2.266610000	1.826110000	8.470590000	1616.483000000	0.191990000	1.000000000
1970.156990000	58.722640000	2.229390000	1.829320000	8.471700000	1621.618000000	0.209780000	1.000000000
1970.309380000	60.621980000	2.639020000	1.829760000	8.437450000	1625.750000000	0.223780000	1.000000000
1970.461760000	61.829900000	2.590030000	1.840800000	8.488980000	1627.597000000	0.216250000	1.000000000
1970.614140000	63.189010000	2.309310000	1.858500000	8.590930000	1624.373000000	0.180370000	1.000000000
1970.766530000	61.736450000	2.111680000	1.867620000	8.658440000	1622.202000000	0.000000000	0.000000000
1970.918910000	61.766330000	1.991890000	1.867230000	8.670010000	1637.991000000	0.000000000	0.000000000
1971.071300000	59.049020000	1.964620000	1.862920000	8.745730000	1640.735000000	0.000000000	0.000000000
1971.223680000	58.189270000	1.875100000	1.861870000	8.743100000	1624.444000000	0.000000000	0.000000000
1971.376060000	58.272790000	1.999570000	1.858180000	8.715760000	1625.443000000	0.000000000	0.000000000
1971.528450000	58.878600000	1.921160000	1.851230000	8.629640000	1625.549000000	0.000000000	0.000000000
1971.680830000	59.582600000	2.010970000	1.854930000	8.648770000	1628.675000000	0.000000000	0.000000000
1971.833210000	57.427040000	2.002850000	1.845910000	8.600660000	1628.992000000	0.000000000	0.000000000
1971.985600000	57.811430000	2.007770000	1.850500000	8.656930000	1625.165000000	0.000000000	0.000000000
1972.137980000	57.483590000	2.018490000	1.853140000	8.634150000	1620.896000000	0.000000000	0.000000000
1972.290370000	59.223710000	2.093800000	1.866470000	8.630980000	1625.308000000	0.000000000	0.000000000
1972.442750000	57.895330000	2.331340000	1.873020000	8.596360000	1622.417000000	0.000000000	0.000000000
1972.595130000	57.693390000	1.897310000	1.872900000	8.582760000	1620.201000000	0.000000000	0.000000000
1972.747520000	58.296550000	1.826770000	1.868880000	8.591400000	1620.321000000	0.000000000	0.000000000
1972.899900000	58.376940000	1.805620000	1.862290000	8.565550000	1617.510000000	0.000000000	0.000000000
1973.052280000	59.437630000	1.899590000	1.856710000	8.531070000	1616.210000000	0.000000000	0.000000000
1973.204670000	60.717850000	1.819780000	1.859080000	8.502610000	1614.684000000	0.000000000	0.000000000
1973.357050000	60.973420000	1.689920000	1.865490000	8.528260000	1618.818000000	0.000000000	0.000000000
1973.509430000	54.964700000	1.700350000	1.866110000	8.545240000	1624.417000000	0.000000000	0.000000000
1973.661820000	51.161350000	1.709930000	1.873060000	8.547820000	1612.998000000	0.000000000	0.000000000
1973.814200000	53.443010000	1.809190000	1.864870000	8.523290000	1609.693000000	0.000000000	0.000000000
1973.966580000	58.338420000	1.791910000	1.867110000	8.528000000	1609.655000000	0.000000000	0.000000000
1974.118970000	60.609120000	1.693520000	1.861260000	8.515500000	1629.467000000	0.000000000	0.000000000
1974.271350000	59.739870000	1.531800000	1.866350000	8.561670000	1627.325000000	0.000000000	0.000000000
1974.423740000	59.366960000	1.557460000	1.871330000	8.590530000	1628.976000000	0.000000000	0.000000000
1974.576120000	60.147370000	1.768260000	1.873040000	8.606690000	1634.026000000	0.000000000	0.000000000
1974.728500000	58.961850000	1.882850000	1.875350000	8.615080000	1634.599000000	0.000000000	0.000000000
1974.880890000	58.813170000	1.748970000	1.877490000	8.595040000	1628.946000000	0.000000000	0.000000000
1975.033270000	57.884080000	1.760930000	1.876060000	8.605260000	1630.193000000	0.000000000	0.000000000
1975.185650000	58.815810000	1.685230000	1.877760000	8.607950000	1631.355000000	0.000000000	0.000000000
1975.338040000	60.236970000	1.806550000	1.874070000	8.596440000	1627.433000000	0.000000000	0.000000000
1975.490420000	61.345030000	1.690510000	1.864520000	8.550380000	1624.596000000	0.000000000	0.000000000
1975.642800000	61.391870000	1.747080000	1.857290000	8.480890000	1621.660000000	0.000000000	0.000000000
1975.795190000	61.200330000	1.611790000	1.857450000	8.469390000	1621.025000000	0.000000000	0.000000000
1975.947570000	58.634410000	1.770610000	1.861080000	8.504540000	1622.826000000	0.000000000	0.000000000
1976.099950000	59.535820000	1.672370000	1.857020000	8.573890000	1624.890000000	0.000000000	0.000000000
1976.252340000	59.231000000	1.722190000	1.851430000	8.604870000	1622.741000000	0.000000000	0.000000000
1976.404720000	60.878490000	1.661910000	1.856100000	8.588960000	1623.124000000	0.000000000	0.000000000
1976.557100000	60.284570000	1.493480000	1.863360000	8.576350000	1622.449000000	0.000000000	0.000000000
1976.709490000	59.930370000	1.522640000	1.865220000	8.560800000	1620.808000000	0.000000000	0.000000000
1976.861870000	59.338460000	1.551070000	1.869030000	8.575300000	1622.150000000	0.000000000	0.000000000
1977.014250000	59.013370000	1.665160000	1.872460000	8.596720000	1620.421000000	0.000000000	0.000000000
1977.166640000	58.190330000	1.530350000	1.880750000	8.669020000	1618.682000000	0.000000000	0.000000000
1977.319020000	55.751410000	1.481950000	1.875830000	8.641070000	1614.984000000	0.000000000	0.000000000
1977.471400000	55.846710000	1.525330000	1.871240000	8.635040000	1630.321000000	0.000000000	0.000000000
1977.623790000	57.454040000	1.643060000	1.863680000	8.615090000	1626.712000000	0.000000000	0.000000000
1977.776170000	61.104300000	1.721110000	1.866770000	8.600600000	1646.242000000	0.000000000	0.000000000
1977.928550000	62.463650000	1.907870000	1.878650000	8.611990000	1644.283000000	0.000000000	0.000000000
1978.080940000	62.976400000	2.089850000	1.884520000	8.634400000	1664.365000000	0.000000000	0.000000000
1978.233320000	62.508100000	1.743330000	1.880150000	8.628420000	1655.692000000	0.000000000	0.000000000
1978.385700000	60.687370000	1.847760000	1.877050000	8.602650000	1654.277000000	0.000000000	0.000000000
1978.538090000	59.492330000	1.916910000	1.880610000	8.613020000	1654.941000000	0.000000000	0.000000000
1978.690470000	59.404980000	1.665780000	1.882590000	8.632500000	1656.349000000	0.000000000	0.000000000
1978.842850000	61.375190000	1.923720000	1.882570000	8.648200000	1646.833000000	0.000000000	0.000000000
1978.995240000	61.653600000	1.868490000	1.881090000	8.651180000	1645.724000000	0.000000000	0.000000000
1979.147620000	62.055800000	1.725540000	1.885690000	8.679440000	1646.315000000	0.000000000	0.000000000
1979.300000000	59.851780000	1.734280000	1.878180000	8.647850000	1642.874000000	0.000000000	0.000000000
1979.452390000	58.746960000	1.960600000	1.883670000	8.645570000	1639.102000000	0.000000000	0.000000000
1979.604770000	57.843960000	1.822680000	1.885260000	8.613100000	1640.257000000	0.000000000	0.000000000
1979.757150000	60.073930000	1.874930000	1.890940000	8.601660000	1632.833000000	0.000000000	0.000000000
1979.909540000	59.373070000	1.784510000	1.887590000	8.578480000	1629.570000000	0.000000000	0.000000000
1980.061920000	57.712110000	1.724760000	1.886270000	8.600000000	1629.565000000	0.000000000	0.000000000
1980.214300000	55.990230000	1.729590000	1.889190000	8.651900000	1633.943000000	0.000000000	0.000000000
1980.366690000	57.745950000	1.634950000	1.886530000	8.662820000	1634.816000000	0.000000000	0.000000000
1980.519070000	58.296190000	1.616130000	1.902340000	8.757850000	1620.980000000	0.000000000	0.000000000
1980.671450000	57.957500000	1.562800000	1.917610000	8.879380000	1621.241000000	0.000000000	0.000000000
1980.823840000	57.657520000	2.101660000	1.914500000	8.974060000	1625.851000000	0.000000000	0.000000000
1980.976220000	58.700400000	1.813520000	1.894040000	8.945470000	1622.904000000	0.000000000	0.000000000
1981.128600000	59.716920000	1.735780000	1.875530000	8.966410000	1625.384000000	0.000000000	0.000000000
1981.280990000	60.093150000	1.717530000	1.873010000	9.028870000	1620.497000000	0.000000000	0.000000000
1981.433370000	61.564140000	1.721580000	1.863790000	9.135110000	1620.632000000	0.000000000	0.000000000
1981.585750000	59.727600000	1.496620000	1.848360000	9.224590000	1625.563000000	0.000000000	0.000000000
1981.738140000	58.394930000	1.863040000	1.839020000	9.319710000	1623.173000000	0.000000000	0.000000000
1981.890520000	56.286010000	1.478030000	1.821060000	9.461750000	1633.489000000	0.000000000	0.000000000
1982.042900000	56.675850000	1.636340000	1.786250000	9.589820000	1584.766000000	0.000000000	0.000000000
1982.195290000	55.368470000	1.750620000	1.759370000	9.767250000	1590.872000000	0.000000000	0.000000000
1982.347670000	54.225690000	1.442870000	1.759790000	9.627820000	1583.593000000	0.000000000	0.000000000
1982.500050000	54.526410000	1.521920000	1.790010000	9.506750000	1586.126000000	0.000000000	0.000000000
1982.652440000	54.377250000	1.846310000	1.831290000	9.327380000	1603.428000000	0.000000000	0.000000000
1982.804820000	54.053360000	1.760770000	1.830600000	9.377710000	1595.786000000	0.000000000	0.000000000
1982.957200000	51.768430000	1.492500000	1.813250000	9.366560000	1591.703000000	0.000000000	0.000000000
1983.109580000	51.769780000	1.288020000	1.793410000	9.481860000	1593.788000000	0.000000000	0.000000000
1983.261970000	53.788520000	1.496220000	1.811310000	9.531790000	1596.445000000	0.000000000	0.000000000
1983.414350000	56.704200000	1.651690000	1.832640000	9.438430000	1603.356000000	0.000000000	0.000000000
1983.566730000	57.581940000	1.701450000	1.851980000	9.320510000	1607.480000000	0.000000000	0.000000000
1983.719120000	56.783990000	1.571140000	1.828180000	9.280190000	1610.566000000	0.000000000	0.000000000
1983.871500000	55.527360000	1.616700000	1.813470000	9.371130000	1624.970000000	0.000000000	0.000000000
1984.023880000	54.556060000	1.627070000	1.802020000	9.390340000	1625.186000000	0.000000000	0.000000000
1984.176270000	52.084030000	1.422470000	1.817710000	9.401300000	1630.381000000	0.000000000	0.000000000
1984.328650000	51.983210000	1.996070000	1.832870000	9.479500000	1624.466000000	0.000000000	0.000000000
1984.481030000	52.494030000	1.772980000	1.851500000	9.509090000	1618.423000000	0.000000000	0.000000000
1984.633420000	55.272280000	1.681550000	1.864010000	9.543370000	1631.091000000	0.000000000	0.000000000
1984.785800000	56.715620000	1.493250000	1.849320000	9.544300000	1608.452000000	0.000000000	0.000000000
1984.938180000	59.086410000	1.800540000	1.827270000	9.517280000	1614.449000000	0.000000000	0.000000000
1985.090560000	58.770930000	1.670200000	1.824080000	9.432720000	1606.283000000	0.000000000	0.000000000
1985.242950000	56.672830000	2.070530000	1.817990000	9.350310000	1583.809000000	0.000000000	0.000000000
1985.395330000	53.733090000	1.326750000	1.829480000	9.425020000	1590.736000000	0.000000000	0.000000000
1985.547710000	51.761330000	2.218570000	1.759350000	9.341250000	1598.158000000	0.000000000	0.000000000
1985.700100000	50.105030000	1.354000000	1.752500000	9.318090000	1611.540000000	0.000000000	0.000000000
1985.852480000	51.076180000	1.228980000	1.725330000	9.161170000	1614.776000000	0.000000000	0.000000000
1986.004860000	56.771980000	1.528330000	1.781410000	9.120630000	1633.677000000	0.000000000	0.000000000
1986.157250000	58.673290000	1.571400000	1.805050000	9.026220000	1634.774000000	0.000000000	0.000000000
1986.309630000	59.131760000	1.920640000	1.844530000	8.966170000	1632.299000000	0.000000000	0.000000000
1986.462010000	55.388890000	1.925550000	1.802350000	8.857080000	1636.278000000	0.000000000	0.000000000
1986.614390000	57.255580000	0.866150000	1.725150000	8.915450000	1628.719000000	0.000000000	0.000000000
1986.766780000	56.429580000	1.389460000	1.656150000	9.167530000	1620.984000000	0.000000000	0.000000000
1986.919160000	53.333200000	1.052980000	1.632670000	9.325420000	1613.321000000	0.000000000	0.000000000
1987.071540000	50.836510000	1.046020000	1.579160000	9.294750000	1598.746000000	0.000000000	0.000000000
1987.223930000	49.856020000	0.924110000	1.555940000	9.143470000	1596.706000000	0.000000000	0.000000000
1987.376310000	50.205400000	1.874290000	1.576220000	9.063810000	1604.635000000	0.000000000	0.000000000
1987.528690000	49.819230000	2.570210000	1.637290000	9.162100000	1613.158000000	0.000000000	0.000000000
1987.681070000	49.315930000	1.625290000	1.614900000	9.073820000	1606.886000000	0.000000000	0.000000000
1987.833460000	49.014080000	0.977880000	1.572600000	9.043840000	1591.591000000	0.000000000	0.000000000
1987.985840000	47.024340000	1.256890000	1.541590000	8.986740000	1615.643000000	0.000000000	0.000000000
1988.138220000	47.188070000	1.148710000	1.542350000	9.036940000	1620.821000000	0.000000000	0.000000000
1988.290610000	48.347240000	1.057050000	1.548870000	9.328470000	1624.972000000	0.000000000	0.000000000
1988.442990000	50.656930000	1.121300000	1.547690000	9.311020000	1628.530000000	0.000000000	0.000000000
1988.595370000	52.883170000	2.234210000	1.615640000	9.223050000	1629.889000000	0.000000000	0.000000000
1988.747750000	53.687210000	1.967610000	1.705680000	8.903350000	1634.827000000	0.000000000	0.000000000
1988.900140000	54.676580000	2.064250000	1.824920000	8.849400000	1655.789000000	0.000000000	0.000000000
1989.052520000	53.040860000	1.569020000	1.843430000	9.064300000	1635.817000000	0.000000000	0.000000000
1989.204900000	53.118500000	1.281670000	1.723360000	9.505270000	1635.807000000	0.000000000	0.000000000
1989.357290000	52.555720000	1.264880000	1.611390000	9.719980000	1598.553000000	0.000000000	0.000000000
1989.509670000	52.528200000	1.524090000	1.481410000	9.542670000	1576.663000000	0.000000000	0.000000000
1989.662050000	52.418110000	1.108650000	1.444090000	9.108730000	1596.664000000	0.000000000	0.000000000
1989.814430000	51.182520000	1.180010000	1.477900000	8.944480000	1618.948000000	0.000000000	0.000000000
1989.966820000	51.058240000	2.153400000	1.575930000	8.860570000	1608.614000000	0.000000000	0.000000000
1990.119200000	51.541160000	1.413350000	1.662430000	8.937570000	1629.479000000	0.000000000	0.000000000
1990.271580000	54.272510000	1.299350000	1.710810000	8.886290000	1614.860000000	0.000000000	0.000000000
1990.423970000	55.604400000	1.405710000	1.752480000	9.030560000	1621.993000000	0.000000000	0.000000000
1990.576350000	56.662120000	1.625280000	1.798320000	9.132100000	1622.085000000	0.000000000	0.000000000
1990.728730000	58.390090000	1.651350000	1.834050000	9.214830000	1619.231000000	0.000000000	0.000000000
1990.881110000	60.169460000	1.791480000	1.845590000	9.100210000	1643.553000000	0.000000000	0.000000000
1991.033500000	61.601720000	1.150900000	1.837810000	9.033570000	1623.902000000	0.000000000	0.000000000
1991.185880000	59.459860000	1.338610000	1.788180000	8.955980000	1604.689000000	0.000000000	0.000000000
1991.338260000	59.065300000	1.508060000	1.776230000	8.990270000	1605.678000000	0.000000000	0.000000000
1991.490640000	57.708740000	1.348320000	1.720600000	8.968070000	1667.369000000	0.000000000	0.000000000
1991.643030000	59.067450000	1.697020000	1.730040000	8.903560000	1684.328000000	0.000000000	0.000000000
1991.795410000	60.672410000	1.547030000	1.722700000	8.709370000	1717.933000000	0.000000000	0.000000000
1991.947790000	60.188150000	1.492760000	1.730560000	8.598770000	1718.294000000	0.000000000	0.000000000
1992.100180000	60.301230000	1.024770000	1.725900000	8.612560000	1726.947000000	0.000000000	0.000000000
1992.252560000	57.890960000	1.478480000	1.683980000	8.689950000	1694.595000000	0.000000000	0.000000000
1992.404940000	54.302580000	1.184400000	1.666940000	8.735750000	1678.869000000	0.000000000	0.000000000
1992.557320000	47.253060000	1.412790000	1.616720000	8.744740000	1660.260000000	0.000000000	0.000000000
1992.709710000	46.237310000	1.110730000	1.612730000	8.682650000	1644.388000000	0.000000000	0.000000000
1992.862090000	49.633220000	1.044630000	1.628750000	8.603430000	1640.419000000	0.000000000	0.000000000
1993.014470000	54.830710000	2.084600000	1.685820000	8.793430000	1651.954000000	0.000000000	0.000000000
1993.166850000	55.569610000	2.039510000	1.706800000	8.937050000	1666.127000000	0.000000000	0.000000000
1993.319240000	54.990610000	2.139180000	1.695730000	9.122800000	1643.461000000	0.000000000	0.000000000
1993.471620000	55.168890000	1.152200000	1.670560000	9.210540000	1629.173000000	0.000000000	0.000000000
1993.624000000	55.020220000	1.036460000	1.631000000	9.349190000	1644.714000000	0.000000000	0.000000000
1993.776380000	57.861530000	1.131410000	1.576340000	9.256780000	1666.632000000	0.000000000	0.000000000
1993.928770000	57.059120000	1.238430000	1.549800000	9.170250000	1662.436000000	0.000000000	0.000000000
1994.081150000	56.601870000	1.182690000	1.546380000	8.919690000	1664.183000000	0.000000000	0.000000000
1994.233530000	55.182020000	1.063830000	1.591280000	8.882230000	1673.851000000	0.000000000	0.000000000
1994.385910000	55.130870000	1.097680000	1.565270000	8.857880000	1673.613000000	0.000000000	0.000000000
1994.538300000	53.197990000	1.009810000	1.520780000	9.034970000	1664.095000000	0.000000000	0.000000000
1994.690680000	49.287070000	1.099770000	1.473930000	9.216080000	1665.244000000	0.000000000	0.000000000
1994.843060000	48.256590000	2.416510000	1.460270000	9.247130000	1665.295000000	0.000000000	0.000000000
1994.995440000	49.287740000	1.200490000	1.490360000	9.123380000	1687.969000000	0.000000000	0.000000000
1995.147830000	52.129110000	1.254890000	1.497690000	8.888370000	1662.899000000	0.000000000	0.000000000
1995.300210000	53.561200000	1.641090000	1.532650000	9.113920000	1664.601000000	0.000000000	0.000000000
1995.452590000	55.066060000	1.432900000	1.495420000	9.192830000	1664.057000000	0.000000000	0.000000000
1995.604970000	53.731620000	1.058910000	1.454610000	9.151730000	1665.865000000	0.000000000	0.000000000
1995.757360000	52.727580000	0.890780000	1.389910000	9.172430000	1667.357000000	0.000000000	0.000000000
1995.909740000	50.017730000	0.828730000	1.386170000	9.176310000	1665.534000000	0.000000000	0.000000000
1996.062120000	48.429410000	0.932840000	1.460210000	9.455840000	1664.150000000	0.000000000	0.000000000
1996.214500000	47.801180000	1.080450000	1.584380000	9.494980000	1664.507000000	0.000000000	0.000000000
1996.366890000	48.503520000	2.358840000	1.626100000	9.748180000	1665.609000000	0.274900000	2.000000000
1996.519270000	50.673050000	1.764900000	1.625830000	9.745140000	1667.084000000	0.279750000	2.000000000
1996.671650000	50.340360000	1.855900000	1.539940000	9.818890000	1664.118000000	0.401350000	2.000000000
1996.824030000	48.629840000	1.435180000	1.487080000	9.825070000	1664.306000000	0.326450000	2.000000000
1996.976420000	44.329650000	1.533220000	1.396980000	9.472890000	1667.150000000	0.361350000	2.000000000
1997.128800000	43.177330000	1.453740000	1.350550000	9.416440000	1646.004000000	0.394150000	2.000000000
1997.281180000	40.161520000	1.453130000	1.325930000	11.032560000	1640.627000000	0.391140000	2.000000000
1997.433560000	40.286610000	1.592170000	1.349090000	11.620010000	1641.815000000	0.396680000	2.000000000
1997.585950000	38.706310000	1.353750000	1.404210000	11.708000000	1640.899000000	0.515210000	2.000000000
1997.738330000	43.029870000	18.364280000	1.523750000	11.387540000	1641.514000000	0.298420000	2.000000000
1997.890710000	45.938450000	33.277710000	1.642200000	9.656330000	1643.633000000	0.826010000	2.000000000
1998.043090000	48.648870000	2.825330000	1.787780000	8.864540000	1654.092000000	0.681590000	2.000000000
1998.195470000	49.493590000	40.200320000	1.885690000	9.190540000	1634.640000000	0.469580000	2.000000000
1998.347860000	48.972550000	4.758800000	1.882730000	9.496380000	1585.785000000	0.538110000	2.000000000
1998.500240000	49.074380000	7.935180000	1.817560000	9.672760000	1572.800000000	0.171010000	2.000000000
1998.652620000	45.615620000	6.108440000	1.692100000	9.993330000	1580.604000000	0.437070000	2.000000000
1998.805000000	42.676290000	1.916480000	1.553910000	10.118970000	1601.155000000	0.547100000	2.000000000
1998.957390000	37.413190000	1.310500000	1.443390000	10.092420000	1617.454000000	0.000000000	0.000000000
1999.109770000	35.805710000	1.007140000	1.371660000	9.673600000	1614.996000000	0.000000000	0.000000000
1999.262150000	34.096630000	1.171430000	1.370500000	9.086090000	1597.074000000	0.000000000	0.000000000
1999.414530000	34.861560000	1.086150000	1.387790000	8.560940000	1581.896000000	0.000000000	0.000000000
1999.566920000	34.735960000	1.143380000	1.426090000	8.348650000	1581.610000000	0.000000000	0.000000000
1999.719300000	36.571330000	1.306970000	1.462530000	8.421210000	1591.950000000	0.000000000	0.000000000
1999.871680000	37.552340000	1.426830000	1.482700000	8.511810000	1564.745000000	0.000000000	0.000000000
2000.024060000	40.164510000	1.353750000	1.513460000	8.540680000	1563.177000000	0.000000000	0.000000000
2000.176440000	40.892240000	1.267490000	1.535830000	8.586940000	1591.087000000	0.000000000	0.000000000
2000.328830000	41.116660000	1.236230000	1.561260000	8.659850000	1610.721000000	0.000000000	0.000000000
2000.481210000	40.615190000	1.242890000	1.558130000	8.746850000	1609.491000000	0.000000000	0.000000000
2000.633590000	40.465550000	1.054740000	1.542940000	8.779400000	1609.757000000	0.000000000	0.000000000
2000.785970000	39.511030000	1.079410000	1.520670000	8.648780000	1597.687000000	0.000000000	0.000000000
2000.938350000	38.328690000	1.092860000	1.506670000	8.508810000	1597.421000000	0.000000000	0.000000000
2001.090740000	36.692120000	1.022850000	1.487570000	8.387140000	1605.468000000	0.000000000	0.000000000
2001.243120000	35.918200000	0.879010000	1.477510000	8.362800000	1602.350000000	0.000000000	0.000000000
2001.395500000	35.355220000	0.879930000	1.466650000	8.416540000	1617.040000000	0.000000000	0.000000000
2001.547880000	34.679130000	0.913170000	1.467620000	8.415830000	1611.577000000	0.000000000	0.000000000
2001.700270000	33.216780000	0.932710000	1.461020000	8.427770000	1624.715000000	0.000000000	0.000000000
2001.852650000	32.823530000	0.911860000	1.461070000	8.372170000	1623.446000000	0.000000000	0.000000000
2002.005030000	33.652040000	0.943570000	1.459410000	8.401440000	1623.429000000	0.000000000	0.000000000
2002.157410000	35.613010000	0.972540000	1.457830000	8.460250000	1638.565000000	0.000000000	0.000000000
2002.309790000	37.312120000	1.021210000	1.453110000	8.503250000	1613.283000000	0.000000000	0.000000000
2002.462180000	38.593810000	0.997130000	1.445240000	8.506480000	1607.179000000	0.000000000	0.000000000
2002.614560000	41.431320000	1.026210000	1.432360000	8.516120000	1633.813000000	0.000000000	0.000000000
2002.766940000	41.565330000	1.075690000	1.426590000	8.483480000	1616.537000000	0.000000000	0.000000000
2002.919320000	45.134400000	1.245920000	1.433950000	8.525380000	1605.650000000	0.000000000	0.000000000
2003.071700000	49.834640000	1.093070000	1.468850000	8.844760000	1587.609000000	0.000000000	0.000000000
2003.224090000	58.610280000	1.065610000	1.524160000	9.158380000	1580.122000000	0.000000000	0.000000000
2003.376470000	63.336270000	1.269520000	1.577780000	9.615970000	1572.574000000	0.000000000	0.000000000
2003.528850000	65.800960000	1.375930000	1.609620000	9.652930000	1573.486000000	0.000000000	0.000000000
2003.681230000	63.636610000	1.180160000	1.629900000	9.569110000	1578.221000000	0.000000000	0.000000000
2003.833610000	64.163930000	1.277260000	1.566870000	10.328740000	1569.877000000	0.000000000	0.000000000
2003.986000000	68.337550000	1.071500000	1.516250000	10.187250000	1573.536000000	0.000000000	0.000000000
2004.138380000	72.288860000	1.225550000	1.486330000	9.453950000	1568.828000000	0.000000000	0.000000000
2004.290760000	72.465290000	0.950490000	1.485910000	8.923980000	1567.493000000	0.000000000	0.000000000
2004.443140000	70.156460000	0.982960000	1.435430000	8.923540000	1571.636000000	0.000000000	0.000000000
2004.595520000	72.756070000	0.934790000	1.344820000	9.065850000	1563.908000000	0.000000000	0.000000000
2004.747910000	76.460720000	0.971920000	1.266050000	9.226710000	1554.327000000	0.000000000	0.000000000
2004.900290000	73.920280000	0.934850000	1.251090000	9.155880000	1552.733000000	0.000000000	0.000000000
2005.052670000	69.182760000	0.872920000	1.288770000	9.050130000	1557.802000000	0.000000000	0.000000000
2005.205050000	64.780920000	0.839870000	1.359170000	8.666900000	1556.897000000	0.000000000	0.000000000
2005.357430000	61.668500000	0.882120000	1.413180000	8.533370000	1550.287000000	0.000000000	0.000000000
2005.509820000	55.219470000	0.891480000	1.440490000	8.516020000	1560.275000000	0.000000000	0.000000000
2005.662200000	49.408360000	0.933620000	1.454110000	8.549470000	1563.814000000	0.000000000	0.000000000
2005.814580000	50.127120000	0.916580000	1.460190000	8.510570000	1576.170000000	0.000000000	0.000000000
2005.966960000	55.265830000	0.887770000	1.461350000	8.462170000	1575.721000000	0.000000000	0.000000000
2006.119340000	61.823530000	0.900510000	1.457180000	8.375860000	1547.815000000	0.000000000	0.000000000
2006.271730000	65.930520000	0.918690000	1.452340000	8.433090000	1523.240000000	0.000000000	0.000000000
2006.424110000	66.728100000	0.957220000	1.454900000	8.451830000	1479.874000000	0.000000000	0.000000000
2006.576490000	67.433820000	0.896330000	1.462480000	8.483400000	1467.866000000	0.000000000	0.000000000
2006.728870000	67.041110000	0.921900000	1.471630000	8.504840000	1440.678000000	0.000000000	0.000000000
2006.881250000	66.949910000	0.926960000	1.480240000	8.464520000	1449.096000000	0.000000000	0.000000000
2007.033630000	65.261150000	0.882520000	1.476190000	8.497900000	1475.832000000	0.000000000	0.000000000
2007.186020000	65.193220000	0.899390000	1.474310000	8.449010000	1526.373000000	0.000000000	0.000000000
2007.338400000	64.832050000	0.936760000	1.472900000	8.544440000	1550.878000000	0.000000000	0.000000000
2007.490780000	64.363360000	0.921670000	1.482780000	8.592630000	1550.845000000	0.000000000	0.000000000
2007.643160000	63.562000000	0.991970000	1.488430000	8.683090000	1570.499000000	0.000000000	0.000000000
2007.795540000	63.545290000	0.993800000	1.487120000	8.717840000	1576.111000000	0.000000000	0.000000000
2007.947930000	62.813110000	1.010730000	1.480840000	8.631690000	1590.113000000	0.000000000	0.000000000
2008.100310000	60.096370000	1.020700000	1.491300000	8.554430000	1628.083000000	0.000000000	0.000000000
2008.252690000	58.701090000	0.997160000	1.514020000	8.520070000	1671.948000000	0.000000000	0.000000000
2008.405070000	55.829940000	0.990310000	1.539420000	8.636220000	1682.250000000	0.000000000	0.000000000
2008.557450000	55.681660000	1.073430000	1.551320000	8.658070000	1708.526000000	0.000000000	0.000000000
2008.709830000	54.741970000	1.047070000	1.589400000	8.430820000	1712.862000000	0.000000000	0.000000000
2008.862220000	60.913320000	1.147320000	1.659380000	8.528440000	1744.933000000	0.000000000	0.000000000
2009.014600000	62.422110000	1.224910000	1.753490000	8.665780000	1752.737000000	0.000000000	0.000000000
2009.166980000	71.443720000	1.279640000	1.789040000	8.666850000	1743.962000000	0.000000000	0.000000000
2009.319360000	80.369610000	1.223730000	1.803050000	8.899430000	1673.178000000	0.000000000	0.000000000
2009.471740000	94.674820000	1.191490000	1.795820000	9.115150000	1652.313000000	0.000000000	0.000000000
2009.624120000	102.545200000	1.145630000	1.753600000	8.909750000	1631.782000000	0.000000000	0.000000000
2009.776510000	106.959700000	1.402320000	1.743880000	8.908480000	1637.881000000	0.000000000	0.000000000
2009.928890000	99.827550000	1.063350000	1.713400000	8.945440000	1654.083000000	0.000000000	0.000000000
2010.081270000	81.907570000	1.022490000	1.713560000	8.958180000	1633.856000000	0.000000000	0.000000000
2010.233650000	62.323200000	1.470750000	1.652290000	9.192010000	1619.068000000	0.000000000	0.000000000
2010.386030000	51.149450000	0.914060000	1.654230000	9.201450000	1605.373000000	0.000000000	0.000000000
2010.538410000	49.649790000	0.988060000	1.659800000	9.076450000	1590.982000000	0.000000000	0.000000000
2010.690800000	50.228690000	1.104640000	1.700570000	8.965040000	1585.023000000	0.000000000	0.000000000
2010.843180000	52.790330000	1.562680000	1.700910000	9.142320000	1586.432000000	0.000000000	0.000000000
2010.995560000	53.351320000	0.856250000	1.636860000	9.159000000	1584.481000000	0.000000000	0.000000000
2011.147940000	54.052500000	0.572930000	1.544340000	8.977490000	1593.417000000	0.000000000	0.000000000
2011.300320000	51.310920000	0.530190000	1.481000000	8.664710000	1568.732000000	0.000000000	0.000000000
2011.452700000	50.486390000	0.480640000	1.467160000	8.568330000	1573.361000000	0.000000000	0.000000000
2011.605090000	47.071510000	0.578020000	1.497530000	8.609350000	1577.568000000	0.000000000	0.000000000
2011.757470000	47.527970000	1.217430000	1.561530000	8.763260000	1572.644000000	0.000000000	0.000000000
2011.909850000	51.584750000	1.190320000	1.648200000	8.894420000	1588.641000000	0.000000000	0.000000000
2012.062230000	56.054230000	1.066660000	1.764810000	8.660950000	1590.777000000	0.000000000	0.000000000
2012.214610000	65.610160000	1.017710000	1.827550000	8.526510000	1605.091000000	0.000000000	0.000000000
2012.366990000	66.604140000	0.969110000	1.863090000	8.684820000	1607.280000000	0.000000000	0.000000000
2012.519370000	68.263060000	1.229280000	1.849150000	8.815480000	1609.667000000	0.000000000	0.000000000
2012.671760000	62.463510000	0.638260000	1.762220000	8.615330000	1616.374000000	0.000000000	0.000000000
2012.824140000	62.013790000	0.987400000	1.726210000	8.737470000	1634.183000000	0.000000000	0.000000000
2012.976520000	61.206320000	1.535370000	1.694510000	8.798510000	1632.810000000	0.000000000	0.000000000
2013.128900000	61.298010000	1.600100000	1.781930000	8.567620000	1631.011000000	0.000000000	0.000000000
2013.281280000	61.321310000	1.531730000	1.849420000	8.594610000	1624.894000000	0.000000000	0.000000000
2013.433660000	60.836540000	1.550610000	1.914130000	8.573470000	1630.218000000	0.000000000	0.000000000
2013.586040000	63.100880000	1.501120000	1.908570000	8.548140000	1648.538000000	0.000000000	0.000000000
2013.738430000	63.025530000	1.593660000	1.890150000	8.537060000	1646.230000000	0.000000000	0.000000000
2013.890810000	62.131690000	1.789410000	1.864260000	8.633850000	1643.060000000	0.000000000	0.000000000
2014.043190000	61.553330000	0.863400000	1.850190000	8.680260000	1644.761000000	0.000000000	0.000000000
2014.195570000	61.980640000	2.130140000	1.859240000	8.623510000	1643.367000000	0.000000000	0.000000000
2014.347950000	64.018070000	1.734760000	1.902050000	8.622990000	1648.551000000	0.000000000	0.000000000
2014.500330000	60.446020000	1.755860000	1.927040000	8.543690000	1637.333000000	0.000000000	0.000000000
2014.652710000	58.309460000	1.587440000	1.939120000	8.539200000	1656.769000000	0.000000000	0.000000000
2014.805090000	58.910650000	1.524130000	1.924180000	8.477630000	1661.429000000	0.000000000	0.000000000
2014.957480000	61.776040000	1.520620000	1.934260000	8.508300000	1653.956000000	0.000000000	0.000000000
2015.109860000	63.233690000	1.500730000	1.932390000	8.473310000	1645.723000000	0.000000000	0.000000000
2015.262240000	61.579510000	1.536560000	1.934390000	8.434030000	1641.359000000	0.000000000	0.000000000
2015.414620000	59.190260000	1.562470000	1.938840000	8.392510000	1634.872000000	0.000000000	0.000000000
2015.567000000	59.265040000	1.492550000	1.943150000	8.390340000	1633.892000000	0.000000000	0.000000000
2015.719380000	58.661090000	1.532870000	1.947960000	8.403660000	1628.858000000	0.000000000	0.000000000
2015.871760000	58.511860000	1.487940000	1.949470000	8.426400000	1625.506000000	0.000000000	0.000000000
2016.024150000	60.267300000	1.456320000	1.951320000	8.464900000	1627.203000000	0.000000000	0.000000000
2016.176530000	62.201660000	1.508460000	1.950770000	8.492830000	1621.632000000	0.000000000	0.000000000
2016.328910000	63.029250000	1.550670000	1.955840000	8.553190000	1613.960000000	0.000000000	0.000000000
2016.481290000	60.506270000	1.588070000	1.962530000	8.613180000	1614.101000000	0.000000000	0.000000000
2016.633670000	57.488460000	1.447540000	1.967620000	8.651950000	1602.061000000	0.000000000	0.000000000
2016.786050000	57.721100000	1.787570000	1.968870000	8.651270000	1583.695000000	0.000000000	0.000000000
2016.938430000	56.658020000	1.925980000	1.967000000	8.630400000	1584.103000000	0.000000000	0.000000000
2017.090810000	56.427400000	1.994110000	1.896970000	8.565910000	1621.505000000	0.000000000	0.000000000
2017.243190000	51.589370000	1.901990000	1.681630000	8.557410000	1647.184000000	0.000000000	0.000000000
2017.395580000	45.411820000	0.990540000	1.418230000	8.497990000	1661.670000000	0.000000000	0.000000000
2017.547960000	40.088890000	0.907880000	1.254600000	8.659450000	1684.581000000	0.000000000	0.000000000
2017.700340000	37.344660000	0.787650000	1.164290000	8.863650000	1701.615000000	0.000000000	0.000000000
2017.852720000	33.648560000	0.601710000	1.130790000	8.849720000	1664.694000000	0.000000000	0.000000000
2018.005100000	29.426020000	0.627140000	1.114790000	8.875900000	1633.665000000	0.000000000	0.000000000
2018.157480000	26.354290000	0.699920000	1.105140000	10.796900000	1632.527000000	0.000000000	0.000000000
2018.309860000	27.502610000	0.784410000	1.109530000	14.018980000	1636.542000000	0.000000000	0.000000000
2018.462240000	28.200970000	0.728510000	1.194620000	10.577200000	1655.159000000	0.000000000	0.000000000
2018.614620000	29.927550000	1.028310000	1.196470000	9.993440000	1686.398000000	0.000000000	0.000000000
2018.767010000	30.823310000	0.935940000	1.247170000	8.893780000	1678.312000000	0.000000000	0.000000000
2018.919390000	32.940100000	0.897390000	1.199570000	9.482850000	1660.274000000	0.000000000	0.000000000
2019.071770000	36.622280000	1.050090000	1.232050000	9.437260000	1644.363000000	0.000000000	0.000000000
2019.224150000	43.719010000	1.325280000	1.238830000	10.185290000	1627.748000000	0.000000000	0.000000000
2019.376530000	50.659490000	0.999830000	1.261090000	10.622090000	1612.470000000	0.000000000	0.000000000
2019.528910000	53.260760000	1.680550000	1.286580000	10.694230000	1548.466000000	0.000000000	0.000000000
2019.681290000	47.905350000	1.758640000	1.370020000	10.395740000	1529.688000000	0.000000000	0.000000000
2019.833670000	42.977080000	1.982780000	1.482140000	9.968180000	1526.665000000	0.000000000	0.000000000
2019.986050000	41.694110000	0.929990000	1.596450000	9.353500000	1580.554000000	0.000000000	0.000000000
2020.138430000	43.353240000	1.069410000	1.573240000	9.329100000	1607.993000000	0.000000000	0.000000000
2020.290820000	42.636630000	1.276800000	1.494160000	9.732010000	1595.118000000	0.000000000	0.000000000
2020.443200000	34.785680000	1.118830000	1.342300000	10.044980000	1610.939000000	0.000000000	0.000000000
2020.595580000	29.807800000	1.118020000	1.210590000	10.144370000	1616.158000000	0.000000000	0.000000000
2020.747960000	25.848810000	0.801980000	1.152910000	9.620340000	1630.204000000	0.000000000	0.000000000
2020.900340000	29.123510000	0.770520000	1.155290000	8.818940000	1646.464000000	0.000000000	0.000000000
2021.052720000	33.015750000	0.744480000	1.228380000	8.899710000	1662.861000000	0.000000000	0.000000000
2021.205100000	38.526590000	0.656660000	1.323810000	8.729470000	1652.183000000	0.000000000	0.000000000
2021.357480000	41.618770000	0.605330000	1.467750000	8.611520000	1648.748000000	0.000000000	0.000000000
2021.509860000	44.365050000	0.835130000	1.572280000	8.332060000	1654.890000000	0.000000000	0.000000000
2021.662240000	46.999680000	0.984680000	1.621210000	8.383870000	1640.681000000	0.000000000	0.000000000
2021.814620000	47.892300000	1.181900000	1.647860000	8.383840000	1644.253000000	0.000000000	0.000000000
2021.967010000	48.720410000	1.252570000	1.648080000	8.371150000	1636.431000000	0.000000000	0.000000000
2022.119390000	46.653670000	1.263660000	1.619590000	8.385680000	1625.001000000	0.000000000	0.000000000
2022.271770000	47.206650000	1.579840000	1.591030000	8.432230000	1622.235000000	0.000000000	0.000000000
2022.424150000	47.101770000	1.328310000	1.588470000	8.535750000	1658.950000000	0.000000000	0.000000000
2022.576530000	47.201990000	1.534070000	1.600780000	8.746980000	1660.434000000	0.000000000	0.000000000
2022.728910000	49.411910000	2.866620000	1.627570000	8.945920000	1659.921000000	0.000000000	0.000000000
2022.881290000	49.530950000	6.594620000	1.641320000	9.004430000	1641.725000000	0.324470000	1.000000000
2023.033670000	49.832210000	2.110470000	1.664040000	9.058590000	1641.365000000	0.366700000	1.000000000
2023.186050000	48.110470000	1.724270000	1.694790000	9.033470000	1651.844000000	0.251830000	1.000000000
2023.338430000	49.557440000	1.781920000	1.767630000	9.049040000	1652.316000000	0.000000000	0.000000000
2023.490810000	53.708360000	2.005930000	1.866020000	8.991650000	1655.963000000	0.000000000	0.000000000
2023.643190000	58.111570000	1.800870000	1.931430000	8.943930000	1650.657000000	0.000000000	0.000000000
2023.795570000	60.046990000	1.640280000	1.945850000	8.892430000	1651.181000000	0.000000000	0.000000000
2023.947960000	60.554440000	1.690620000	1.940840000	8.866570000	1647.011000000	0.000000000	0.000000000
2024.100340000	60.604470000	1.440470000	1.952700000	9.021250000	1646.579000000	0.000000000	0.000000000
2024.252720000	60.599180000	1.562760000	1.979150000	9.236080000	1646.313000000	0.000000000	0.000000000
2024.405100000	60.869320000	1.515020000	1.985680000	9.355370000	1656.245000000	0.000000000	0.000000000
2024.557480000	59.363450000	1.487760000	1.977050000	9.297470000	1642.108000000	0.000000000	0.000000000
2024.709860000	59.012830000	1.586610000	1.958030000	9.091610000	1633.867000000	0.000000000	0.000000000
2024.862240000	56.692520000	1.435180000	1.928720000	8.848450000	1635.500000000	0.000000000	0.000000000
2025.014620000	54.877090000	1.505120000	1.921340000	8.769070000	1637.282000000	0.000000000	0.000000000
2025.167000000	54.535650000	1.461600000	1.913130000	8.735990000	1631.170000000	0.000000000	0.000000000
2025.319380000	57.403470000	1.458800000	1.922400000	8.782330000	1636.247000000	0.000000000	0.000000000
2025.471760000	61.174420000	1.706430000	1.926920000	8.836960000	1625.703000000	0.000000000	0.000000000
2025.624140000	64.029220000	2.710040000	1.927550000	8.811960000	1613.425000000	0.000000000	0.000000000
2025.776520000	64.340230000	2.642550000	1.928770000	8.778890000	1605.754000000	0.189180000	1.000000000
2025.928900000	62.831030000	2.272770000	1.936860000	8.822520000	1583.705000000	0.085770000	1.000000000
2026.081280000	60.880900000	1.650380000	1.928300000	9.078870000	1591.765000000	0.000000000	0.000000000
2026.233660000	59.222530000	1.779930000	1.933010000	9.331490000	1620.556000000	0.000000000	0.000000000
2026.386050000	55.984380000	1.942830000	1.912950000	9.404820000	1629.120000000	0.000000000	0.000000000
2026.538430000	55.952320000	2.286990000	1.900760000	9.117980000	1629.120000000	0.000000000	0.000000000
2026.690810000	57.408280000	2.166540000	1.888650000	8.762570000	1634.552000000	0.000000000	0.000000000
2026.843190000	60.694000000	1.915610000	1.902280000	8.556490000	1631.332000000	0.000000000	0.000000000
2026.995570000	60.302440000	1.986280000	1.914710000	8.522500000	1634.194000000	0.000000000	0.000000000
2027.147950000	57.885170000	1.950950000	1.915470000	8.486850000	1641.968000000	0.000000000	0.000000000
2027.300330000	57.351450000	2.319770000	1.913400000	8.470540000	1649.457000000	0.000000000	0.000000000
2027.452710000	54.947680000	2.756900000	1.904580000	8.465410000	1657.935000000	0.200940000	1.000000000
2027.605090000	56.852870000	2.528690000	1.904260000	8.528360000	1659.389000000	0.244410000	1.000000000
2027.757470000	57.623580000	2.399690000	1.902170000	8.560480000	1661.328000000	0.169210000	1.000000000
2027.909850000	59.738830000	2.642910000	1.906070000	8.572910000	1660.686000000	0.179180000	1.000000000
2028.062230000	58.376500000	2.572070000	1.916320000	8.589510000	1660.829000000	0.216230000	1.000000000
2028.214610000	59.829410000	1.782260000	1.927030000	8.586740000	1670.536000000	0.137920000	0.000000000
2028.366990000	60.104980000	1.888750000	1.935820000	8.566480000	1686.543000000	0.000000000	0.000000000
2028.519370000	60.971720000	1.829480000	1.934000000	8.522610000	1682.694000000	0.000000000	0.000000000
2028.671750000	58.422500000	1.975340000	1.937160000	8.521800000	1680.502000000	0.000000000	0.000000000
2028.824130000	57.253070000	1.718600000	1.935130000	8.513410000	1682.434000000	0.000000000	0.000000000
2028.976510000	56.544790000	1.723990000	1.933330000	8.540330000	1677.627000000	0.000000000	0.000000000
2029.128890000	56.228570000	1.610400000	1.919130000	8.533650000	1687.816000000	0.000000000	0.000000000
2029.281270000	56.973680000	1.863890000	1.917490000	8.578440000	1680.277000000	0.000000000	0.000000000
2029.433650000	57.762430000	1.733600000	1.915930000	8.585070000	1670.778000000	0.000000000	0.000000000
2029.586030000	60.216240000	1.546200000	1.919380000	8.605520000	1671.028000000	0.000000000	0.000000000
2029.738410000	59.663230000	1.948570000	1.913790000	8.573980000	1682.712000000	0.000000000	0.000000000
2029.890790000	59.352200000	2.633210000	1.906380000	8.554610000	1686.836000000	0.000000000	0.000000000
2030.043180000	59.447560000	2.645420000	1.906510000	8.527130000	1696.967000000	0.208760000	1.000000000
2030.195560000	59.594210000	3.615120000	1.902120000	8.518680000	1724.400000000	0.259430000	1.000000000
2030.347940000	60.436210000	3.904560000	1.901450000	8.515140000	1714.313000000	0.330200000	1.000000000
2030.500320000	57.751250000	3.633400000	1.895950000	8.549880000	1703.484000000	0.343350000	1.000000000
2030.652700000	57.874680000	3.514370000	1.895830000	8.574700000	1701.660000000	0.345800000	1.000000000
2030.805080000	58.570300000	3.088930000	1.891690000	8.580860000	1680.640000000	0.335190000	1.000000000
2030.957460000	60.063210000	3.081000000	1.886730000	8.567590000	1681.244000000	0.271490000	1.000000000
2031.109840000	60.348140000	2.756150000	1.901720000	8.570870000	1670.299000000	0.267240000	1.000000000
2031.262220000	60.614590000	2.840070000	1.911450000	8.574700000	1668.176000000	0.260210000	1.000000000
2031.414600000	62.230150000	2.839850000	1.928570000	8.655390000	1673.257000000	0.245070000	1.000000000
2031.566980000	65.747290000	3.159090000	1.922150000	8.641510000	1676.093000000	0.263190000	1.000000000
2031.719360000	65.541620000	2.435740000	1.943500000	8.706930000	1674.337000000	0.282920000	1.000000000
2031.871740000	67.093140000	2.293970000	1.943760000	8.614260000	1668.334000000	0.174950000	1.000000000
2032.024120000	64.676580000	2.461750000	1.950610000	8.528780000	1655.521000000	0.107040000	1.000000000
2032.176500000	64.200750000	2.510180000	1.943250000	8.423040000	1664.785000000	0.145760000	1.000000000
2032.328880000	62.168070000	2.368170000	1.943700000	8.466030000	1681.700000000	0.173070000	1.000000000
2032.481260000	61.510590000	2.414110000	1.940340000	8.511680000	1683.926000000	0.171210000	1.000000000
2032.633640000	61.546460000	2.151720000	1.937020000	8.533910000	1674.033000000	0.186790000	1.000000000
2032.786020000	60.127520000	1.990350000	1.951280000	8.554470000	1666.933000000	0.000000000	0.000000000
2032.938400000	58.375270000	2.195550000	1.958300000	8.589090000	1672.060000000	0.000000000	0.000000000
2033.090780000	58.701380000	2.037020000	1.961170000	8.588000000	1660.675000000	0.000000000	0.000000000
2033.243160000	61.285690000	1.702260000	1.951780000	8.519450000	1660.399000000	0.000000000	0.000000000
2033.395540000	67.763980000	1.912740000	1.956450000	8.476370000	1662.841000000	0.000000000	0.000000000
2033.547920000	68.623520000	1.906230000	1.946850000	8.430270000	1652.872000000	0.000000000	0.000000000
2033.700300000	65.886000000	1.879540000	1.936130000	8.436240000	1671.872000000	0.000000000	0.000000000
2033.852680000	62.342280000	1.869340000	1.929630000	8.463040000	1671.342000000	0.000000000	0.000000000
2034.005060000	59.573420000	1.714350000	1.934540000	8.516500000	1679.281000000	0.000000000	0.000000000
2034.157440000	59.211440000	1.651010000	1.956520000	8.600040000	1683.722000000	0.000000000	0.000000000
2034.309820000	58.746150000	1.738380000	1.956490000	8.521160000	1673.453000000	0.000000000	0.000000000
2034.462200000	63.880070000	1.642680000	1.967720000	8.454820000	1649.740000000	0.000000000	0.000000000
2034.614580000	66.486240000	1.551030000	1.965150000	8.351340000	1647.722000000	0.000000000	0.000000000
2034.766960000	67.256270000	1.556890000	1.981980000	8.393200000	1649.950000000	0.000000000	0.000000000
2034.919340000	63.605200000	1.611730000	1.984640000	8.409660000	1669.352000000	0.000000000	0.000000000
2035.071720000	63.318300000	1.620660000	1.992820000	8.456110000	1668.770000000	0.000000000	0.000000000
2035.224100000	63.393930000	1.749410000	1.993400000	8.487570000	1666.468000000	0.000000000	0.000000000
2035.376480000	64.133380000	1.555870000	1.987300000	8.477930000	1662.789000000	0.000000000	0.000000000
2035.528860000	62.790340000	1.611810000	1.975120000	8.444940000	1661.193000000	0.000000000	0.000000000
2035.681240000	62.091880000	1.635000000	1.962760000	8.385020000	1655.390000000	0.000000000	0.000000000
2035.833620000	61.732500000	1.641180000	1.958440000	8.370310000	1653.830000000	0.000000000	0.000000000
2035.986000000	62.406650000	1.533680000	1.955270000	8.360570000	1661.848000000	0.000000000	0.000000000
2036.138380000	62.880400000	1.604610000	1.949620000	8.381610000	1662.836000000	0.000000000	0.000000000
2036.290760000	64.437480000	1.521970000	1.943480000	8.406930000	1663.868000000	0.000000000	0.000000000
2036.443140000	65.585950000	1.525080000	1.942630000	8.427150000	1664.510000000	0.000000000	0.000000000
2036.595520000	65.443730000	1.702200000	1.938540000	8.406450000	1656.822000000	0.000000000	0.000000000
2036.747900000	64.019600000	1.611840000	1.946420000	8.419310000	1658.734000000	0.000000000	0.000000000
2036.900280000	62.099110000	1.505690000	1.943170000	8.432300000	1660.108000000	0.000000000	0.000000000
2037.052660000	61.710140000	1.521800000	1.951660000	8.502610000	1648.810000000	0.000000000	0.000000000
2037.205040000	60.894230000	1.495020000	1.947900000	8.516940000	1645.064000000	0.000000000	0.000000000
2037.357420000	61.495430000	1.533200000	1.944130000	8.502000000	1652.242000000	0.000000000	0.000000000
2037.509800000	62.933140000	1.556190000	1.952420000	8.526550000	1643.892000000	0.000000000	0.000000000
2037.662180000	62.767220000	1.486360000	1.952980000	8.508430000	1642.947000000	0.000000000	0.000000000
2037.814560000	65.785720000	1.601180000	1.959680000	8.528140000	1645.834000000	0.000000000	0.000000000
2037.966940000	63.972630000	1.595540000	1.947530000	8.470850000	1661.721000000	0.000000000	0.000000000
2038.119320000	64.881810000	1.393450000	1.941480000	8.488580000	1663.663000000	0.000000000	0.000000000
2038.271700000	61.348980000	1.519270000	1.933700000	8.492820000	1652.797000000	0.000000000	0.000000000
2038.424080000	63.489930000	1.434310000	1.926390000	8.501750000	1642.024000000	0.000000000	0.000000000
2038.576460000	62.898600000	1.523600000	1.934740000	8.511780000	1648.548000000	0.000000000	0.000000000
2038.728830000	62.822500000	1.516190000	1.932330000	8.512470000	1639.201000000	0.000000000	0.000000000
2038.881210000	60.911030000	1.606000000	1.933280000	8.459380000	1644.326000000	0.000000000	0.000000000
2039.033590000	59.532200000	1.683510000	1.932380000	8.436810000	1648.676000000	0.000000000	0.000000000
2039.185970000	57.705490000	1.614360000	1.950080000	8.458150000	1648.508000000	0.000000000	0.000000000
2039.338350000	57.347810000	1.656840000	1.968900000	8.512450000	1649.743000000	0.000000000	0.000000000
2039.490730000	59.197510000	1.703150000	1.971520000	8.470700000	1650.539000000	0.000000000	0.000000000
2039.643110000	61.264800000	1.544720000	1.983860000	8.428380000	1648.718000000	0.000000000	0.000000000
2039.795490000	62.224470000	1.705730000	2.007800000	8.421350000	1700.565000000	0.000000000	0.000000000
2039.947870000	62.532700000	2.645280000	2.066810000	8.458410000	1835.824000000	0.000000000	0.000000000
2040.100250000	64.329940000	3.523940000	2.131100000	8.492540000	1898.203000000	0.000000000	0.000000000
2040.252630000	63.347010000	3.563400000	2.178180000	8.543430000	2017.551000000	0.098450000	1.000000000
2040.405010000	63.350320000	3.614850000	2.195900000	8.585610000	2080.880000000	0.000000000	1.000000000
2040.557390000	62.844200000	9.443210000	2.194930000	8.580860000	2168.799000000	0.000000000	1.000000000
2040.709770000	62.653190000	9.533380000	2.199820000	8.600860000	2211.741000000	0.050620000	1.000000000
2040.862150000	63.342750000	3.319470000	2.179250000	8.578910000	2162.760000000	0.274260000	1.000000000
2041.014530000	63.304530000	3.474710000	2.153230000	8.558400000	2109.617000000	0.000000000	1.000000000
2041.166910000	64.949520000	3.158210000	2.116800000	8.503410000	2023.003000000	0.000000000	1.000000000
2041.319290000	63.282850000	2.909810000	2.076120000	8.470240000	1936.012000000	0.005740000	1.000000000
2041.471670000	64.274760000	3.179680000	2.028980000	8.483180000	1813.501000000	0.100560000	1.000000000
2041.624050000	64.056390000	2.038460000	1.985980000	8.557890000	1725.082000000	0.000000000	1.000000000
2041.776430000	65.212680000	2.214840000	1.963810000	8.653990000	1645.102000000	0.000000000	0.000000000
2041.928810000	67.149120000	2.142730000	1.949330000	8.676260000	1647.373000000	0.000000000	0.000000000
2042.081190000	67.225710000	2.073420000	1.942790000	8.652180000	1643.018000000	0.000000000	0.000000000
2042.233570000	67.828520000	2.004930000	1.942110000	8.629020000	1631.971000000	0.000000000	0.000000000
2042.385940000	64.009010000	2.026330000	1.934960000	8.580240000	1652.506000000	0.000000000	0.000000000
2042.538320000	62.959580000	1.973410000	1.940800000	8.611850000	1647.295000000	0.000000000	0.000000000
2042.690700000	60.995920000	2.102110000	1.934980000	8.607170000	1657.431000000	0.000000000	0.000000000
2042.843080000	60.246550000	1.987590000	1.933300000	8.637910000	1646.272000000	0.000000000	0.000000000
2042.995460000	59.909130000	2.026000000	1.919330000	8.577780000	1639.505000000	0.000000000	0.000000000
2043.147840000	61.979140000	1.995720000	1.907180000	8.468090000	1621.785000000	0.000000000	0.000000000
2043.300220000	62.115370000	1.929880000	1.907830000	8.405060000	1630.441000000	0.000000000	0.000000000
2043.452600000	62.837370000	1.890450000	1.911000000	8.382330000	1624.984000000	0.000000000	0.000000000
2043.604980000	62.452770000	1.842710000	1.921970000	8.446170000	1613.705000000	0.000000000	0.000000000
2043.757360000	62.825040000	1.765440000	1.925110000	8.456890000	1642.919000000	0.000000000	0.000000000
2043.909740000	62.189630000	1.831940000	1.934040000	8.495170000	1648.638000000	0.000000000	0.000000000
2044.062120000	60.830160000	1.674210000	1.949210000	8.497360000	1646.576000000	0.000000000	0.000000000
2044.214500000	62.301470000	1.713530000	1.959550000	8.449760000	1647.887000000	0.000000000	0.000000000
2044.366880000	64.554050000	1.604830000	1.966650000	8.407980000	1648.652000000	0.000000000	0.000000000
2044.519260000	67.625070000	1.673580000	1.982480000	8.466740000	1654.113000000	0.000000000	0.000000000
2044.671630000	69.460110000	1.724730000	1.987910000	8.488200000	1663.573000000	0.000000000	0.000000000
2044.824010000	68.029000000	1.667110000	2.000760000	8.509240000	1655.634000000	0.000000000	0.000000000
2044.976390000	66.310520000	1.625340000	1.986960000	8.449780000	1652.961000000	0.000000000	0.000000000
2045.128770000	61.651560000	1.619870000	1.983310000	8.445810000	1651.483000000	0.000000000	0.000000000
2045.281150000	62.949120000	1.595670000	1.966890000	8.418500000	1652.371000000	0.000000000	0.000000000
2045.433530000	63.360480000	1.723870000	1.969440000	8.470860000	1651.031000000	0.000000000	0.000000000
2045.585910000	66.829370000	1.659100000	1.972080000	8.511390000	1655.875000000	0.000000000	0.000000000
2045.738290000	68.575520000	1.786100000	1.987240000	8.597720000	1645.639000000	0.000000000	0.000000000
2045.890670000	74.005090000	1.548650000	1.979940000	8.533750000	1649.690000000	0.000000000	0.000000000
2046.043050000	72.836220000	1.689350000	1.984640000	8.524070000	1642.593000000	0.000000000	0.000000000
2046.195430000	72.593560000	1.780350000	1.981320000	8.496110000	1654.674000000	0.000000000	0.000000000
2046.347810000	65.806590000	1.891500000	1.989060000	8.550170000	1663.521000000	0.000000000	0.000000000
2046.500190000	65.933590000	1.858790000	1.978220000	8.537020000	1666.369000000	0.000000000	0.000000000
2046.652560000	64.602240000	1.839070000	1.963010000	8.524690000	1668.651000000	0.000000000	0.000000000
2046.804940000	66.070880000	1.655060000	1.969550000	8.650780000	1670.460000000	0.000000000	0.000000000
2046.957320000	66.125670000	1.864530000	1.970870000	8.700110000	1652.848000000	0.000000000	0.000000000
2047.109700000	66.111380000	1.593640000	1.972890000	8.698500000	1654.409000000	0.000000000	0.000000000
2047.262080000	66.890510000	1.624930000	1.961390000	8.606560000	1656.775000000	0.000000000	0.000000000
2047.414460000	67.533000000	1.620760000	1.948260000	8.550280000	1657.285000000	0.000000000	0.000000000
2047.566840000	71.197810000	1.675350000	1.946830000	8.566170000	1655.655000000	0.000000000	0.000000000
2047.719220000	71.149200000	1.616790000	1.950790000	8.542940000	1661.476000000	0.000000000	0.000000000
2047.871600000	70.885260000	1.637490000	1.985800000	8.651680000	1666.887000000	0.000000000	0.000000000
2048.023980000	66.945340000	1.486370000	2.009550000	8.661730000	1676.037000000	0.000000000	0.000000000
2048.176360000	66.286970000	1.599460000	2.006660000	8.601590000	1682.042000000	0.000000000	0.000000000
2048.328730000	65.462710000	1.804220000	1.981390000	8.452390000	1680.697000000	0.000000000	0.000000000
2048.481110000	65.651900000	1.633950000	1.983360000	8.546020000	1673.204000000	0.000000000	0.000000000
2048.633490000	64.563580000	1.611790000	1.970280000	8.587950000	1665.909000000	0.000000000	0.000000000
2048.785870000	67.127550000	1.549140000	1.982780000	8.682540000	1659.747000000	0.000000000	0.000000000
2048.938250000	65.198750000	1.703700000	1.978560000	8.599300000	1653.945000000	0.000000000	0.000000000
2049.090630000	64.441320000	1.705160000	1.994660000	8.639240000	1652.070000000	0.000000000	0.000000000
2049.243010000	63.270630000	1.642700000	1.994320000	8.641260000	1662.530000000	0.000000000	0.000000000
2049.395390000	64.734830000	1.624850000	1.981640000	8.636200000	1662.017000000	0.000000000	0.000000000
2049.547770000	66.121860000	1.617330000	1.982330000	8.640310000	1661.124000000	0.000000000	0.000000000
2049.700150000	63.991500000	1.643690000	2.004210000	8.755220000	1660.540000000	0.000000000	0.000000000
2049.852520000	65.950970000	1.653660000	2.003390000	8.743140000	1650.783000000	0.000000000	0.000000000
2050.004900000	65.821950000	1.651660000	2.002370000	8.742120000	1654.327000000	0.000000000	0.000000000
2050.157280000	68.892870000	1.732020000	1.977330000	8.584950000	1653.517000000	0.000000000	0.000000000
2050.309660000	67.255390000	1.682530000	1.987940000	8.559840000	1654.707000000	0.000000000	0.000000000
2050.462040000	67.584370000	1.568020000	1.994500000	8.504690000	1638.564000000	0.000000000	0.000000000
2050.614420000	66.000240000	1.626880000	1.998500000	8.486330000	1651.444000000	0.000000000	0.000000000
2050.766800000	65.490750000	1.456530000	1.995790000	8.491020000	1654.170000000	0.000000000	0.000000000
2050.919180000	63.146870000	1.534490000	1.986790000	8.474110000	1651.521000000	0.000000000	0.000000000
2051.071560000	63.826730000	1.417910000	1.984150000	8.487090000	1632.211000000	0.000000000	0.000000000
2051.223930000	63.155450000	1.585850000	1.979750000	8.490850000	1636.250000000	0.000000000	0.000000000
2051.376310000	65.122280000	1.565130000	1.981670000	8.526390000	1629.187000000	0.000000000	0.000000000
2051.528690000	63.587950000	1.573930000	1.971650000	8.501540000	1613.409000000	0.000000000	0.000000000
2051.681070000	64.138820000	1.423960000	1.966120000	8.445870000	1613.145000000	0.000000000	0.000000000
2051.833450000	64.235020000	1.590360000	1.971330000	8.437460000	1612.937000000	0.000000000	0.000000000
2051.985830000	63.131180000	1.669450000	1.987860000	8.485370000	1611.510000000	0.000000000	0.000000000
2052.138210000	62.835800000	1.597020000	1.996230000	8.534960000	1603.189000000	0.000000000	0.000000000
2052.290590000	62.349640000	1.606790000	1.991020000	8.544450000	1590.768000000	0.000000000	0.000000000
2052.442960000	64.912380000	1.507790000	1.979090000	8.532190000	1592.584000000	0.000000000	0.000000000
2052.595340000	66.779660000	1.618660000	1.978070000	8.540430000	1595.808000000	0.000000000	0.000000000
2052.747720000	66.926240000	1.558260000	1.979820000	8.542480000	1606.675000000	0.000000000	0.000000000
2052.900100000	68.907250000	1.663050000	1.997570000	8.577540000	1612.849000000	0.000000000	0.000000000
2053.052480000	67.204550000	1.532940000	2.000120000	8.554260000	1611.749000000	0.000000000	0.000000000
2053.204860000	66.392180000	1.561940000	2.000310000	8.493150000	1630.127000000	0.000000000	0.000000000
2053.357240000	65.161810000	1.489330000	1.998910000	8.435380000	1641.709000000	0.000000000	0.000000000
2053.509620000	67.256260000	1.530910000	2.005910000	8.407320000	1653.864000000	0.000000000	0.000000000
2053.661990000	70.272670000	1.696560000	2.023140000	8.435790000	1682.346000000	0.000000000	0.000000000
2053.814370000	68.683780000	1.835820000	2.033870000	8.478380000	1761.617000000	0.000000000	0.000000000
2053.966750000	67.930420000	1.758260000	2.055850000	8.505520000	1809.424000000	0.000000000	0.000000000
2054.119130000	66.841740000	1.640690000	2.072420000	8.492000000	1827.897000000	0.000000000	0.000000000
2054.271510000	67.649050000	2.559190000	2.075120000	8.503700000	1789.892000000	0.000000000	0.000000000
2054.423890000	66.064630000	2.081270000	2.038160000	8.510440000	1732.373000000	0.000000000	0.000000000
2054.576270000	64.659770000	1.108000000	2.002010000	8.545000000	1682.567000000	0.000000000	0.000000000
2054.728640000	63.577180000	1.210190000	1.975860000	8.513740000	1654.471000000	0.000000000	0.000000000
2054.881020000	63.465770000	1.199280000	1.967550000	8.471120000	1646.007000000	0.000000000	0.000000000
2055.033400000	64.220250000	1.209760000	1.964970000	8.439800000	1646.701000000	0.000000000	0.000000000
2055.185780000	63.438100000	1.278430000	1.966460000	8.421830000	1649.320000000	0.000000000	0.000000000
2055.338160000	63.047790000	1.501050000	1.972180000	8.437140000	1647.958000000	0.000000000	0.000000000
2055.490540000	62.170390000	1.367860000	1.972620000	8.459870000	1651.129000000	0.000000000	0.000000000
2055.642920000	61.052930000	1.524740000	1.972070000	8.465150000	1647.663000000	0.000000000	0.000000000
2055.795290000	61.954030000	1.535510000	1.972750000	8.495020000	1649.227000000	0.000000000	0.000000000
2055.947670000	63.343510000	1.573730000	1.968950000	8.493260000	1647.876000000	0.000000000	0.000000000
2056.100050000	67.114040000	1.538130000	1.978060000	8.563560000	1654.764000000	0.000000000	0.000000000
2056.252430000	67.299630000	1.458140000	1.982600000	8.635940000	1647.825000000	0.000000000	0.000000000
2056.404810000	65.896160000	1.333350000	1.986310000	8.702630000	1644.250000000	0.000000000	0.000000000
2056.557190000	64.361590000	1.383710000	1.972990000	8.674980000	1644.580000000	0.000000000	0.000000000
2056.709560000	63.801460000	1.482520000	1.969570000	8.619580000	1647.025000000	0.000000000	0.000000000
2056.861940000	64.617680000	1.476960000	1.973450000	8.590570000	1647.296000000	0.000000000	0.000000000
2057.014320000	66.653310000	1.475440000	1.962920000	8.535410000	1660.215000000	0.000000000	0.000000000
2057.166700000	68.563880000	1.494650000	1.959260000	8.528950000	1649.913000000	0.000000000	0.000000000
2057.319080000	69.528900000	1.464770000	1.953440000	8.538870000	1623.583000000	0.000000000	0.000000000
2057.471460000	68.151920000	1.511720000	1.966800000	8.604610000	1642.493000000	0.000000000	0.000000000
2057.623830000	66.667720000	1.528950000	1.959620000	8.573820000	1625.739000000	0.000000000	0.000000000
2057.776210000	64.572660000	1.480720000	1.965940000	8.597870000	1628.720000000	0.000000000	0.000000000
2057.928590000	64.032930000	1.416160000	1.958100000	8.599280000	1629.248000000	0.000000000	0.000000000
2058.080970000	65.496320000	1.498840000	1.947830000	8.610600000	1649.612000000	0.000000000	0.000000000
2058.233350000	69.078700000	1.577550000	1.945210000	8.625960000	1642.988000000	0.000000000	0.000000000
2058.385730000	69.721020000	1.525240000	1.953960000	8.629090000	1628.413000000	0.000000000	0.000000000
2058.538100000	69.084660000	1.556590000	1.970930000	8.658990000	1629.423000000	0.000000000	0.000000000
2058.690480000	67.974890000	1.645450000	1.963630000	8.591240000	1630.732000000	0.000000000	0.000000000
2058.842860000	68.295760000	1.669370000	1.964960000	8.591370000	1632.829000000	0.000000000	0.000000000
2058.995240000	70.410710000	1.723710000	1.950960000	8.553380000	1644.310000000	0.000000000	0.000000000
2059.147620000	72.108840000	1.628820000	1.973790000	8.627150000	1628.183000000	0.000000000	0.000000000
2059.300000000	71.012600000	1.798380000	1.979860000	8.673440000	1628.922000000	0.000000000	0.000000000
2059.452370000	67.921120000	1.717290000	1.995760000	8.704130000	1629.279000000	0.000000000	0.000000000
2059.604750000	65.535740000	1.724600000	1.986770000	8.683100000	1631.942000000	0.000000000	0.000000000
2059.757130000	65.045050000	1.628490000	1.983680000	8.639390000	1644.045000000	0.000000000	0.000000000
2059.909510000	64.253290000	1.773780000	1.999620000	8.584550000	1700.521000000	0.000000000	0.000000000
2060.061890000	63.840930000	1.826290000	2.036800000	8.550750000	1798.203000000	0.000000000	0.000000000
2060.214270000	64.519340000	3.407390000	2.100820000	8.620850000	1894.160000000	0.000000000	0.000000000
2060.366640000	65.404300000	9.486720000	2.122390000	8.680810000	1883.765000000	0.191680000	1.000000000
2060.519020000	66.632560000	1.937190000	2.099370000	8.700570000	1805.564000000	0.313070000	1.000000000
2060.671400000	67.646870000	1.608260000	2.041280000	8.674650000	1681.027000000	0.000000000	0.000000000
2060.823780000	71.679670000	1.474660000	2.011970000	8.741060000	1653.018000000	0.000000000	0.000000000
2060.976160000	71.695860000	1.395870000	1.992980000	8.794670000	1643.062000000	0.000000000	0.000000000
2061.128530000	69.744620000	1.336760000	1.990200000	8.831920000	1651.952000000	0.000000000	0.000000000
2061.280910000	64.640450000	1.498720000	1.982340000	8.819930000	1648.409000000	0.000000000	0.000000000
2061.433290000	64.480490000	1.469840000	1.993030000	8.883700000	1649.308000000	0.000000000	0.000000000
2061.585670000	66.374080000	1.399940000	1.989570000	8.925430000	1647.988000000	0.000000000	0.000000000
2061.738050000	70.594070000	1.291730000	1.985540000	8.960410000	1646.033000000	0.000000000	0.000000000
2061.890420000	69.747440000	1.430170000	1.971170000	8.913560000	1644.170000000	0.000000000	0.000000000
2062.042800000	70.597410000	1.416300000	1.971000000	8.878070000	1639.483000000	0.000000000	0.000000000
2062.195180000	68.205390000	1.402640000	1.976830000	8.908060000	1635.170000000	0.000000000	0.000000000
2062.347560000	68.588000000	1.601970000	1.979450000	8.926420000	1637.678000000	0.000000000	0.000000000
2062.499940000	68.655810000	1.805270000	1.979820000	8.916050000	1638.216000000	0.000000000	0.000000000
2062.652310000	71.224270000	1.204730000	1.982320000	8.883820000	1644.391000000	0.000000000	0.000000000
2062.804690000	71.969510000	2.226410000	1.982050000	8.866850000	1652.329000000	0.000000000	0.000000000
2062.957070000	69.518470000	1.769600000	1.986200000	8.868870000	1658.020000000	0.000000000	0.000000000
2063.109450000	66.597410000	1.376380000	1.989190000	8.867060000	1649.403000000	0.000000000	0.000000000
2063.261830000	64.842260000	1.422410000	1.990240000	8.818540000	1658.968000000	0.000000000	0.000000000
2063.414200000	67.122650000	1.441140000	1.991680000	8.786510000	1664.872000000	0.000000000	0.000000000
2063.566580000	67.908060000	1.511040000	1.989880000	8.753460000	1668.106000000	0.000000000	0.000000000
2063.718960000	71.173610000	1.491400000	1.989820000	8.740810000	1663.956000000	0.000000000	0.000000000
2063.871340000	72.118330000	1.494230000	1.982380000	8.678100000	1665.779000000	0.000000000	0.000000000
2064.023720000	71.817350000	1.493890000	1.973180000	8.626360000	1653.828000000	0.000000000	0.000000000
2064.176090000	71.203570000	1.503220000	1.980760000	8.614740000	1652.589000000	0.000000000	0.000000000
2064.328470000	70.655400000	1.468700000	1.982100000	8.597410000	1654.762000000	0.000000000	0.000000000
2064.480850000	71.679890000	1.522720000	1.996070000	8.602950000	1654.590000000	0.000000000	0.000000000
2064.633230000	70.834320000	1.470560000	1.996450000	8.579190000	1650.948000000	0.000000000	0.000000000
2064.785610000	70.315940000	1.578210000	1.992880000	8.580670000	1650.904000000	0.000000000	0.000000000
2064.937980000	71.986880000	1.446090000	1.985180000	8.591310000	1633.637000000	0.000000000	0.000000000
2065.090360000	71.868480000	1.669620000	1.969760000	8.569580000	1632.842000000	0.000000000	0.000000000
2065.242740000	69.936170000	1.564760000	1.973120000	8.551460000	1643.773000000	0.000000000	0.000000000
2065.395120000	67.707050000	1.550200000	1.985420000	8.562540000	1652.449000000	0.000000000	0.000000000
2065.547490000	67.285020000	1.543460000	1.992110000	8.551870000	1657.763000000	0.000000000	0.000000000
2065.699870000	69.695980000	1.515570000	1.995090000	8.532810000	1655.934000000	0.000000000	0.000000000
2065.852250000	71.697940000	1.514580000	1.985630000	8.449000000	1646.723000000	0.000000000	0.000000000
2066.004630000	71.498970000	1.546780000	1.999180000	8.476360000	1645.384000000	0.000000000	0.000000000
2066.157010000	70.192700000	1.625960000	2.001680000	8.514260000	1637.423000000	0.000000000	0.000000000
2066.309380000	67.679440000	1.520760000	2.009970000	8.559400000	1659.633000000	0.000000000	0.000000000
2066.461760000	68.217250000	1.392940000	2.008830000	8.550630000	1688.544000000	0.000000000	0.000000000
2066.614140000	69.273600000	1.432730000	2.011340000	8.527710000	1692.794000000	0.000000000	0.000000000
2066.766520000	68.839870000	1.823390000	1.921070000	8.461530000	1668.503000000	0.000000000	0.000000000
2066.918890000	64.919920000	1.528830000	1.615740000	8.433870000	1598.980000000	0.000000000	0.000000000
2067.071270000	55.822030000	1.041420000	1.374890000	8.728480000	1541.466000000	0.000000000	0.000000000
2067.223650000	47.503970000	1.066520000	1.240750000	9.531700000	1540.894000000	0.000000000	0.000000000
2067.376030000	40.134410000	1.108070000	1.166440000	10.006470000	1568.665000000	0.000000000	0.000000000
2067.528400000	37.344530000	0.953150000	1.160030000	10.332330000	1576.073000000	0.000000000	0.000000000
2067.680780000	34.981240000	0.942760000	1.158560000	11.040000000	1583.583000000	0.000000000	0.000000000
2067.833160000	37.553070000	0.914170000	1.223540000	9.854820000	1589.203000000	0.000000000	0.000000000
2067.985540000	41.083100000	0.875930000	1.331990000	8.935740000	1599.486000000	0.000000000	0.000000000
2068.137920000	47.295330000	0.995890000	1.516820000	8.509400000	1599.950000000	0.000000000	0.000000000
2068.290290000	52.121570000	1.109260000	1.692090000	8.951890000	1630.739000000	0.000000000	0.000000000
2068.442670000	60.098320000	1.105410000	1.833910000	9.095340000	1659.760000000	0.000000000	0.000000000
2068.595050000	65.299480000	1.398640000	1.960480000	8.946270000	1681.197000000	0.000000000	0.000000000
2068.747430000	68.959190000	2.147060000	2.084800000	8.778370000	1667.204000000	0.000000000	0.000000000
2068.899800000	70.851190000	2.859060000	1.938970000	8.632880000	1647.661000000	0.000000000	0.000000000
2069.052180000	66.451190000	1.786490000	1.646700000	8.919570000	1605.626000000	0.000000000	0.000000000
2069.204560000	57.366030000	1.299140000	1.454140000	9.043940000	1588.878000000	0.000000000	0.000000000
2069.356940000	47.341850000	1.333810000	1.431190000	9.044300000	1569.188000000	0.000000000	0.000000000
