1924.594150000	61.742770000	1.461930000	1.850930000	0.514587879	1559.828000000	0.000000000	0.000000000
1924.746540000	61.486010000	1.402750000	1.861720000	0.508048485	1559.522000000	0.000000000	0.000000000
1924.898920000	62.791980000	1.436820000	1.855020000	0.512109091	1558.420000000	0.000000000	0.000000000
1925.051310000	62.346250000	1.470260000	1.844700000	0.518363636	1569.007000000	0.000000000	0.000000000
1925.203690000	61.314090000	1.375820000	1.836020000	0.523624242	1559.635000000	0.000000000	0.000000000
1925.356080000	60.677500000	1.467260000	1.841230000	0.520466667	1558.387000000	0.000000000	0.000000000
1925.508460000	59.370550000	1.466700000	1.854340000	0.512521212	1557.675000000	0.000000000	0.000000000
1925.660840000	60.775510000	1.440210000	1.833680000	0.525042424	1557.107000000	0.000000000	0.000000000
1925.813230000	62.114530000	1.419510000	1.839070000	0.521775758	1558.192000000	0.000000000	0.000000000
1925.965610000	63.146950000	1.434110000	1.818700000	0.534121212	1560.202000000	0.000000000	0.000000000
1926.118000000	61.458480000	1.412200000	1.829050000	0.527848485	1559.651000000	0.000000000	0.000000000
1926.270380000	59.110210000	1.355800000	1.820090000	0.533278788	1559.748000000	0.000000000	0.000000000
1926.422770000	59.678640000	1.295960000	1.835330000	0.524042424	1560.497000000	0.000000000	0.000000000
1926.575150000	60.778530000	1.333440000	1.833140000	0.525369697	1559.131000000	0.000000000	0.000000000
1926.727540000	62.436760000	1.438030000	1.826340000	0.529490909	1560.262000000	0.000000000	0.000000000
1926.879920000	62.684170000	1.635620000	1.820530000	0.533012121	1560.446000000	0.000000000	0.000000000
1927.032300000	62.448540000	1.411830000	1.818970000	0.533957576	1562.612000000	0.000000000	0.000000000
1927.184690000	62.706210000	1.385010000	1.808000000	0.540606061	1557.846000000	0.000000000	0.000000000
1927.337070000	60.833690000	1.270720000	1.790220000	0.551381818	1554.950000000	0.000000000	0.000000000
1927.489460000	60.152230000	1.247540000	1.789210000	0.551993939	1556.848000000	0.000000000	0.000000000
1927.641840000	61.165080000	1.350320000	1.781840000	0.556460606	1558.625000000	0.000000000	0.000000000
1927.794230000	62.221370000	1.339560000	1.803300000	0.543454545	1563.755000000	0.000000000	0.000000000
1927.946610000	63.451020000	1.441520000	1.798180000	0.546557576	1562.932000000	0.000000000	0.000000000
1928.098990000	64.441860000	1.242650000	1.818410000	0.534296970	1568.436000000	0.000000000	0.000000000
1928.251380000	65.062650000	1.161530000	1.812620000	0.537806061	1567.021000000	0.000000000	0.000000000
1928.403760000	64.231960000	1.604880000	1.818760000	0.534084848	1566.861000000	0.000000000	0.000000000
1928.556150000	62.247760000	1.847990000	1.811490000	0.538490909	1570.275000000	0.000000000	0.000000000
1928.708530000	62.745320000	1.659250000	1.809590000	0.539642424	1569.602000000	0.000000000	0.000000000
1928.860920000	62.857560000	1.906210000	1.804810000	0.542539394	1570.310000000	0.000000000	0.000000000
1929.013300000	63.184520000	1.872310000	1.811880000	0.538254545	1573.046000000	0.000000000	0.000000000
1929.165690000	63.270000000	1.731360000	1.804890000	0.542490909	1570.832000000	0.000000000	0.000000000
1929.318070000	63.366950000	1.767720000	1.805510000	0.542115152	1570.493000000	0.000000000	0.000000000
1929.470450000	63.058680000	1.642720000	1.808160000	0.540509091	1571.366000000	0.000000000	0.000000000
1929.622840000	64.441670000	1.754680000	1.818170000	0.534442424	1569.835000000	0.000000000	0.000000000
1929.775220000	64.517880000	1.988950000	1.823540000	0.531187879	1568.865000000	0.000000000	0.000000000
1929.927610000	65.182440000	2.217600000	1.803810000	0.543145455	1572.579000000	0.150090000	1.000000000
1930.079990000	63.075040000	1.764250000	1.802860000	0.543721212	1572.914000000	0.227710000	1.000000000
1930.232380000	62.317110000	2.373930000	1.794180000	0.548981818	1572.939000000	0.199320000	1.000000000
1930.384760000	60.391340000	2.200910000	1.794290000	0.548915152	1572.865000000	0.223960000	1.000000000
1930.537140000	59.924760000	2.163070000	1.787940000	0.552763636	1571.372000000	0.229690000	1.000000000
1930.689530000	60.702060000	2.156270000	1.788020000	0.552715152	1572.171000000	0.208930000	1.000000000
1930.841910000	63.032710000	2.473300000	1.786870000	0.553412121	1570.640000000	0.230760000	1.000000000
1930.994300000	64.089610000	2.089470000	1.786480000	0.553648485	1574.345000000	0.249430000	1.000000000
1931.146680000	65.545100000	2.607450000	1.785410000	0.554296970	1574.673000000	0.192520000	1.000000000
1931.299070000	65.230780000	2.958070000	1.796470000	0.547593939	1574.087000000	0.231730000	1.000000000
1931.451450000	64.431440000	2.953420000	1.796280000	0.547709091	1573.131000000	0.372680000	1.000000000
1931.603840000	62.413990000	2.553850000	1.800810000	0.544963636	1571.564000000	0.396560000	1.000000000
1931.756220000	64.114330000	1.815310000	1.797800000	0.546787879	1569.482000000	0.301620000	1.000000000
1931.908600000	64.811680000	1.670380000	1.803820000	0.543139394	1565.571000000	0.259810000	1.000000000
1932.060990000	66.652310000	1.207460000	1.812060000	0.538145455	1564.568000000	0.000000000	0.000000000
1932.213370000	64.659790000	1.491340000	1.802090000	0.544187879	1566.287000000	0.000000000	0.000000000
1932.365760000	63.450760000	1.563180000	1.792500000	0.550000000	1566.931000000	0.000000000	0.000000000
1932.518140000	61.379670000	2.154180000	1.790640000	0.551127273	1567.076000000	0.000000000	0.000000000
1932.670530000	61.109160000	1.709570000	1.797580000	0.546921212	1578.071000000	0.000000000	0.000000000
1932.822910000	60.960400000	2.473020000	1.802130000	0.544163636	1570.043000000	0.138080000	1.000000000
1932.975290000	61.877540000	2.405610000	1.794780000	0.548618182	1569.559000000	0.228800000	1.000000000
1933.127680000	59.315900000	3.119430000	1.791740000	0.550460606	1568.203000000	0.174270000	1.000000000
1933.280060000	57.991190000	3.533710000	1.769020000	0.564230303	1571.289000000	0.275000000	1.000000000
1933.432450000	56.033490000	3.864200000	1.762120000	0.568412121	1573.226000000	0.364360000	1.000000000
1933.584830000	57.613760000	3.969300000	1.753220000	0.573806061	1573.888000000	0.364750000	1.000000000
1933.737220000	56.226720000	4.188540000	1.774440000	0.560945455	1573.887000000	0.313490000	1.000000000
1933.889600000	58.814070000	3.559000000	1.766020000	0.566048485	1573.981000000	0.287580000	1.000000000
1934.041980000	59.419480000	2.287850000	1.762860000	0.567963636	1571.596000000	0.238650000	1.000000000
1934.194370000	63.464340000	3.182730000	1.770840000	0.563127273	1569.550000000	0.094090000	1.000000000
1934.346750000	62.438270000	2.222580000	1.786060000	0.553903030	1570.533000000	0.000000000	0.000000000
1934.499140000	61.096500000	2.083880000	1.795610000	0.548115152	1570.154000000	0.000000000	0.000000000
1934.651520000	59.964040000	2.183840000	1.790080000	0.551466667	1570.009000000	0.000000000	0.000000000
1934.803910000	60.276140000	2.314750000	1.799830000	0.545557576	1568.582000000	0.000000000	0.000000000
1934.956290000	61.287140000	2.350860000	1.814570000	0.536624242	1568.463000000	0.000000000	0.000000000
1935.108670000	59.200280000	1.912430000	1.810880000	0.538860606	1570.705000000	0.000000000	0.000000000
1935.261060000	56.782610000	2.218660000	1.782460000	0.556084848	1571.642000000	0.000000000	0.000000000
1935.413440000	54.472330000	2.192850000	1.766750000	0.565606061	1570.867000000	0.000000000	0.000000000
1935.565830000	54.360210000	2.481960000	1.760930000	0.569133333	1572.984000000	0.000000000	0.000000000
1935.718210000	53.932130000	2.683030000	1.781240000	0.556824242	1573.347000000	0.200280000	1.000000000
1935.870600000	55.139490000	1.998980000	1.787290000	0.553157576	1574.375000000	0.200240000	1.000000000
1936.022980000	55.585050000	2.051410000	1.789460000	0.551842424	1573.597000000	0.208850000	1.000000000
1936.175360000	55.331210000	1.739290000	1.783550000	0.555424242	1586.618000000	0.000000000	0.000000000
1936.327750000	54.730860000	2.252640000	1.788420000	0.552472727	1577.250000000	0.000000000	0.000000000
1936.480130000	53.531290000	2.149900000	1.783870000	0.555230303	1577.823000000	0.192090000	1.000000000
1936.632520000	53.817910000	2.489560000	1.798270000	0.546503030	1582.556000000	0.180990000	1.000000000
1936.784900000	56.383030000	2.163060000	1.798230000	0.546527273	1586.869000000	0.175960000	1.000000000
1936.937290000	55.458040000	2.435000000	1.811860000	0.538266667	1588.865000000	0.175550000	1.000000000
1937.089670000	54.939470000	2.381340000	1.797870000	0.546745455	1589.411000000	0.209440000	1.000000000
1937.242050000	52.222720000	2.489780000	1.793400000	0.549454545	1589.974000000	0.202830000	1.000000000
1937.394440000	55.200160000	2.523900000	1.786060000	0.553903030	1589.476000000	0.247550000	1.000000000
1937.546820000	55.771950000	2.509850000	1.782860000	0.555842424	1609.391000000	0.281420000	1.000000000
1937.699210000	56.286710000	2.360320000	1.787200000	0.553212121	1590.641000000	0.251880000	1.000000000
1937.851590000	54.902260000	2.613950000	1.784850000	0.554636364	1590.262000000	0.268980000	1.000000000
1938.003980000	55.993270000	2.564140000	1.787570000	0.552987879	1591.523000000	0.253800000	1.000000000
1938.156360000	56.192210000	2.274380000	1.790980000	0.550921212	1592.466000000	0.208960000	1.000000000
1938.308740000	56.440440000	2.277420000	1.805920000	0.541866667	1591.360000000	0.226850000	1.000000000
1938.461130000	55.325050000	2.409790000	1.811300000	0.538606061	1603.601000000	0.222900000	1.000000000
1938.613510000	53.907430000	2.484500000	1.806800000	0.541333333	1591.902000000	0.219980000	1.000000000
1938.765900000	53.876030000	2.637390000	1.798470000	0.546381818	1592.076000000	0.282300000	1.000000000
1938.918280000	56.265880000	2.463950000	1.796030000	0.547860606	1592.403000000	0.263440000	1.000000000
1939.070670000	56.426270000	2.457160000	1.808230000	0.540466667	1594.192000000	0.247360000	1.000000000
1939.223050000	56.501950000	2.579660000	1.816510000	0.535448485	1595.716000000	0.241460000	1.000000000
1939.375430000	53.533960000	2.356470000	1.821170000	0.532624242	1595.363000000	0.244580000	1.000000000
1939.527820000	54.768930000	2.444830000	1.819330000	0.533739394	1596.514000000	0.207520000	1.000000000
1939.680200000	55.279550000	2.613190000	1.818620000	0.534169697	1604.078000000	0.238490000	1.000000000
1939.832590000	57.610590000	2.667570000	1.825650000	0.529909091	1600.672000000	0.257440000	1.000000000
1939.984970000	57.974350000	2.777950000	1.813960000	0.536993939	1599.380000000	0.258140000	1.000000000
1940.137350000	58.380680000	3.216540000	1.823180000	0.531406061	1605.362000000	0.318710000	1.000000000
1940.289740000	57.448860000	3.107620000	1.820160000	0.533236364	1606.486000000	0.326570000	1.000000000
1940.442120000	57.523740000	3.498030000	1.827900000	0.528545455	1606.953000000	0.302910000	1.000000000
1940.594510000	58.552470000	3.276450000	1.817010000	0.535145455	1609.275000000	0.348130000	1.000000000
1940.746890000	59.896070000	3.502650000	1.814820000	0.536472727	1614.845000000	0.332990000	1.000000000
1940.899280000	58.766170000	3.488170000	1.807430000	0.540951515	1616.912000000	0.360890000	1.000000000
1941.051660000	56.940410000	3.480640000	1.806950000	0.541242424	1617.250000000	0.367370000	1.000000000
1941.204040000	56.287930000	3.222660000	1.812420000	0.537927273	1615.145000000	0.304220000	1.000000000
1941.356430000	56.116870000	3.343390000	1.821160000	0.532630303	1612.796000000	0.316950000	1.000000000
1941.508810000	56.460870000	3.588420000	1.820950000	0.532757576	1612.897000000	0.325360000	1.000000000
1941.661200000	57.460990000	3.594440000	1.817880000	0.534618182	1613.660000000	0.347210000	1.000000000
1941.813580000	58.319620000	3.465150000	1.822530000	0.531800000	1614.186000000	0.340420000	1.000000000
1941.965960000	58.741680000	3.074340000	1.830070000	0.527230303	1613.365000000	0.319910000	1.000000000
1942.118350000	56.796340000	3.198690000	1.839420000	0.521563636	1612.458000000	0.347090000	1.000000000
1942.270730000	55.076120000	3.592110000	1.839940000	0.521248485	1612.851000000	0.345430000	1.000000000
1942.423120000	53.165920000	3.469240000	1.834610000	0.524478788	1613.710000000	0.317940000	1.000000000
1942.575500000	54.637960000	3.534490000	1.833440000	0.525187879	1610.048000000	0.323410000	1.000000000
1942.727890000	57.535780000	3.937010000	1.839920000	0.521260606	1605.834000000	0.359660000	1.000000000
1942.880270000	60.709900000	3.679130000	1.843930000	0.518830303	1595.579000000	0.390470000	1.000000000
1943.032650000	59.874210000	2.425440000	1.836800000	0.523151515	1592.830000000	0.398560000	1.000000000
1943.185040000	59.395930000	2.650390000	1.826340000	0.529490909	1601.150000000	0.318090000	1.000000000
1943.337420000	58.855140000	3.176040000	1.810190000	0.539278788	1618.943000000	0.356740000	1.000000000
1943.489810000	60.121890000	3.165830000	1.787930000	0.552769697	1608.915000000	0.293730000	1.000000000
1943.642190000	61.078620000	2.908790000	1.801810000	0.544357576	1605.686000000	0.296170000	1.000000000
1943.794570000	63.621860000	3.377120000	1.820270000	0.533169697	1605.247000000	0.365110000	1.000000000
1943.946960000	62.008750000	3.251710000	1.865920000	0.505503030	1603.812000000	0.312390000	1.000000000
1944.099340000	59.540210000	2.898680000	1.864810000	0.506175758	1607.047000000	0.261670000	1.000000000
1944.251730000	58.310350000	2.562560000	1.866650000	0.505060606	1609.077000000	0.240730000	1.000000000
1944.404110000	61.074820000	2.896390000	1.858890000	0.509763636	1609.153000000	0.265200000	1.000000000
1944.556500000	64.327920000	3.444410000	1.854980000	0.512133333	1608.928000000	0.300890000	1.000000000
1944.708880000	62.428710000	3.773210000	1.849540000	0.515430303	1603.712000000	0.371190000	1.000000000
1944.861260000	63.204250000	3.974660000	1.850920000	0.514593939	1599.055000000	0.279370000	1.000000000
1945.013650000	61.861530000	2.637710000	1.844450000	0.518515152	1597.573000000	0.331800000	1.000000000
1945.166030000	60.727380000	3.099080000	1.843300000	0.519212121	1597.018000000	0.201380000	1.000000000
1945.318420000	57.818440000	2.503590000	1.838720000	0.521987879	1596.667000000	0.251590000	1.000000000
1945.470800000	58.777150000	2.266830000	1.834410000	0.524600000	1593.190000000	0.227950000	1.000000000
1945.623180000	61.031660000	2.575910000	1.836890000	0.523096970	1591.345000000	0.208570000	1.000000000
1945.775570000	61.833260000	2.205810000	1.825300000	0.530121212	1592.485000000	0.000000000	0.000000000
1945.927950000	61.300870000	2.145230000	1.825330000	0.530103030	1593.376000000	0.000000000	0.000000000
1946.080340000	60.593850000	2.093920000	1.828600000	0.528121212	1594.546000000	0.000000000	0.000000000
1946.232720000	60.715980000	2.599210000	1.830970000	0.526684848	1597.861000000	0.235400000	1.000000000
1946.385100000	61.320120000	2.444240000	1.822930000	0.531557576	1601.711000000	0.245580000	1.000000000
1946.537490000	61.523060000	2.740320000	1.811490000	0.538490909	1621.967000000	0.264510000	1.000000000
1946.689870000	58.788380000	2.279020000	1.801670000	0.544442424	1621.552000000	0.259480000	1.000000000
1946.842260000	56.078610000	2.486070000	1.798780000	0.546193939	1617.544000000	0.284820000	1.000000000
1946.994640000	56.381500000	4.788070000	1.782210000	0.556236364	1616.293000000	0.341290000	1.000000000
1947.147030000	57.882510000	4.983100000	1.755340000	0.572521212	1612.472000000	0.459320000	1.000000000
1947.299410000	56.592270000	4.426760000	1.740140000	0.581733333	1612.505000000	0.496310000	1.000000000
1947.451790000	53.549050000	4.100150000	1.747940000	0.577006061	1611.567000000	0.478390000	1.000000000
1947.604180000	52.045160000	3.496820000	1.765410000	0.566418182	1601.504000000	0.367350000	1.000000000
1947.756560000	53.982030000	3.609290000	1.776280000	0.559830303	1598.954000000	0.338250000	1.000000000
1947.908950000	55.553280000	2.772680000	1.776270000	0.559836364	1601.104000000	0.397340000	1.000000000
1948.061330000	56.317650000	2.309180000	1.786890000	0.553400000	1597.377000000	0.366950000	1.000000000
1948.213710000	56.301900000	2.700650000	1.792570000	0.549957576	1594.882000000	0.322660000	1.000000000
1948.366100000	58.099670000	3.162140000	1.799180000	0.545951515	1597.562000000	0.364980000	1.000000000
1948.518480000	57.912030000	2.688010000	1.806620000	0.541442424	1604.062000000	0.375110000	1.000000000
1948.670870000	56.959500000	3.048040000	1.809010000	0.539993939	1604.764000000	0.363220000	1.000000000
1948.823250000	55.546170000	1.747860000	1.816590000	0.535400000	1614.890000000	0.312450000	1.000000000
1948.975630000	55.658600000	1.841280000	1.812640000	0.537793939	1611.344000000	0.361070000	1.000000000
1949.128020000	56.821530000	2.891850000	1.806910000	0.541266667	1610.321000000	0.182140000	1.000000000
1949.280400000	57.291450000	2.692130000	1.815250000	0.536212121	1618.294000000	0.258920000	1.000000000
1949.432790000	57.882060000	3.264380000	1.813530000	0.537254545	1616.363000000	0.377780000	1.000000000
1949.585170000	57.386600000	1.924990000	1.816610000	0.535387879	1612.211000000	0.334790000	1.000000000
1949.737550000	57.248490000	3.503930000	1.790140000	0.551430303	1613.904000000	0.498910000	1.000000000
1949.889940000	57.290780000	5.033330000	1.781640000	0.556581818	1607.894000000	0.590940000	1.000000000
1950.042320000	57.354130000	5.116580000	1.781560000	0.556630303	1606.283000000	0.554520000	1.000000000
1950.194710000	56.376630000	5.748890000	1.785620000	0.554169697	1606.457000000	0.528360000	1.000000000
1950.347090000	55.558880000	5.463380000	1.787310000	0.553145455	1601.028000000	0.426080000	1.000000000
1950.499470000	55.534000000	4.262440000	1.784960000	0.554569697	1602.737000000	0.403830000	1.000000000
1950.651860000	56.068920000	3.650020000	1.790260000	0.551357576	1602.195000000	0.400490000	1.000000000
1950.804240000	55.918530000	2.944630000	1.798250000	0.546515152	1626.057000000	0.349580000	1.000000000
1950.956630000	55.004590000	2.697320000	1.796700000	0.547454545	1624.333000000	0.302980000	1.000000000
1951.109010000	57.488050000	2.734640000	1.802040000	0.544218182	1606.043000000	0.283240000	1.000000000
1951.261390000	59.214710000	2.551050000	1.808590000	0.540248485	1603.029000000	0.238250000	1.000000000
1951.413780000	61.206230000	2.510960000	1.821690000	0.532309091	1605.529000000	0.264660000	1.000000000
1951.566160000	59.696330000	2.179560000	1.819160000	0.533842424	1600.820000000	0.218390000	1.000000000
1951.718550000	60.294990000	2.379730000	1.814340000	0.536763636	1606.513000000	0.172700000	1.000000000
1951.870930000	59.117220000	2.829660000	1.813450000	0.537303030	1625.684000000	0.132750000	1.000000000
1952.023310000	56.835440000	6.004100000	1.817710000	0.534721212	1636.296000000	0.493610000	1.000000000
1952.175700000	54.390300000	4.425220000	1.817040000	0.535127273	1639.717000000	0.491950000	1.000000000
1952.328080000	53.489090000	4.047040000	1.803990000	0.543036364	1640.699000000	0.468500000	1.000000000
1952.480470000	53.026450000	3.355150000	1.799990000	0.545460606	1639.386000000	0.534120000	1.000000000
1952.632850000	54.348640000	7.574220000	1.789690000	0.551703030	1637.485000000	0.503900000	1.000000000
1952.785230000	53.878470000	6.515540000	1.795270000	0.548321212	1621.514000000	0.555930000	1.000000000
1952.937620000	53.755550000	5.724270000	1.794920000	0.548533333	1617.972000000	0.527170000	1.000000000
1953.090000000	53.135130000	6.456630000	1.798700000	0.546242424	1615.347000000	0.514210000	1.000000000
1953.242390000	54.830930000	5.753040000	1.799600000	0.545696970	1613.330000000	0.468060000	1.000000000
1953.394770000	56.996120000	4.459650000	1.799100000	0.546000000	1609.944000000	0.459360000	1.000000000
1953.547150000	57.922730000	4.904760000	1.802840000	0.543733333	1613.632000000	0.486070000	1.000000000
1953.699540000	57.992980000	5.675820000	1.806180000	0.541709091	1606.634000000	0.505090000	1.000000000
1953.851920000	59.126040000	4.793290000	1.810710000	0.538963636	1606.826000000	0.490970000	1.000000000
1954.004310000	58.220330000	5.547870000	1.812210000	0.538054545	1609.344000000	0.410420000	1.000000000
1954.156690000	57.936960000	3.108140000	1.813450000	0.537303030	1611.336000000	0.395110000	1.000000000
1954.309070000	55.018240000	3.645290000	1.802660000	0.543842424	1609.934000000	0.315230000	1.000000000
1954.461460000	56.731620000	3.548230000	1.802770000	0.543775758	1611.684000000	0.356870000	1.000000000
1954.613840000	54.517220000	3.175280000	1.803880000	0.543103030	1612.738000000	0.322440000	1.000000000
1954.766230000	54.940720000	2.739540000	1.809950000	0.539424242	1616.532000000	0.319350000	1.000000000
1954.918610000	55.150390000	3.119160000	1.811670000	0.538381818	1618.215000000	0.306620000	1.000000000
1955.070990000	57.915470000	2.909100000	1.809970000	0.539412121	1609.563000000	0.311410000	1.000000000
1955.223380000	60.257000000	3.218520000	1.804150000	0.542939394	1610.166000000	0.278590000	1.000000000
1955.375760000	59.640740000	2.541540000	1.801960000	0.544266667	1611.948000000	0.263230000	1.000000000
1955.528150000	60.670520000	2.636550000	1.800880000	0.544921212	1610.808000000	0.328290000	1.000000000
1955.680530000	60.446110000	2.560220000	1.806970000	0.541230303	1610.473000000	0.288380000	1.000000000
1955.832910000	61.815490000	2.316290000	1.800820000	0.544957576	1610.235000000	0.334320000	1.000000000
1955.985300000	61.467610000	3.005760000	1.803920000	0.543078788	1611.245000000	0.319500000	1.000000000
1956.137680000	60.360730000	3.003070000	1.800060000	0.545418182	1610.040000000	0.367150000	1.000000000
1956.290070000	58.804040000	2.875420000	1.808580000	0.540254545	1610.437000000	0.422380000	1.000000000
1956.442450000	57.710670000	4.287100000	1.802560000	0.543903030	1609.214000000	0.383290000	1.000000000
1956.594830000	59.292060000	3.527510000	1.803880000	0.543103030	1617.779000000	0.407280000	1.000000000
1956.747220000	58.408880000	4.001870000	1.799500000	0.545757576	1626.174000000	0.376890000	1.000000000
1956.899600000	60.231080000	3.610640000	1.797310000	0.547084848	1605.557000000	0.337580000	1.000000000
1957.051990000	59.382840000	4.504880000	1.791590000	0.550551515	1608.551000000	0.355290000	1.000000000
1957.204370000	59.640420000	3.165300000	1.791630000	0.550527273	1605.910000000	0.350180000	1.000000000
1957.356750000	57.892600000	4.070610000	1.792440000	0.550036364	1623.120000000	0.397390000	1.000000000
1957.509140000	56.691400000	3.126190000	1.797830000	0.546769697	1612.269000000	0.378410000	1.000000000
1957.661520000	56.723180000	3.691380000	1.799800000	0.545575758	1608.451000000	0.319500000	1.000000000
1957.813910000	57.001010000	4.289960000	1.808490000	0.540309091	1605.378000000	0.381870000	1.000000000
1957.966290000	59.501010000	5.104250000	1.812210000	0.538054545	1604.224000000	0.429020000	1.000000000
1958.118670000	60.280910000	4.649420000	1.815650000	0.535969697	1622.913000000	0.469150000	1.000000000
1958.271060000	60.884670000	4.299010000	1.819550000	0.533606061	1614.118000000	0.410990000	1.000000000
1958.423440000	59.704750000	2.942700000	1.820770000	0.532866667	1613.347000000	0.329300000	1.000000000
1958.575820000	59.758970000	3.144740000	1.822590000	0.531763636	1618.471000000	0.249020000	1.000000000
1958.728210000	59.182070000	2.914950000	1.819940000	0.533369697	1614.908000000	0.291800000	1.000000000
1958.880590000	55.911220000	3.032200000	1.826170000	0.529593939	1607.833000000	0.286270000	1.000000000
1959.032980000	55.154190000	3.479370000	1.831090000	0.526612121	1606.279000000	0.386070000	1.000000000
1959.185360000	54.924100000	3.369790000	1.825810000	0.529812121	1606.056000000	0.404160000	1.000000000
1959.337740000	58.410530000	3.256390000	1.818550000	0.534212121	1607.355000000	0.341620000	1.000000000
1959.490130000	58.410170000	2.889410000	1.815430000	0.536103030	1612.298000000	0.294020000	1.000000000
1959.642510000	59.078190000	2.892260000	1.816280000	0.535587879	1617.029000000	0.286130000	1.000000000
1959.794900000	60.080580000	2.850920000	1.822940000	0.531551515	1621.300000000	0.318780000	1.000000000
1959.947280000	62.492390000	3.090610000	1.820460000	0.533054545	1617.022000000	0.265150000	1.000000000
1960.099660000	63.645460000	2.770570000	1.812090000	0.538127273	1612.271000000	0.297370000	1.000000000
1960.252050000	62.931090000	2.675760000	1.812430000	0.537921212	1614.192000000	0.278910000	1.000000000
1960.404430000	60.643060000	2.744290000	1.812550000	0.537848485	1625.968000000	0.279380000	1.000000000
1960.556820000	60.093220000	2.390290000	1.833000000	0.525454545	1614.391000000	0.265050000	1.000000000
1960.709200000	58.810590000	2.423560000	1.835230000	0.524103030	1609.896000000	0.209080000	1.000000000
1960.861580000	56.729420000	2.484130000	1.835560000	0.523903030	1622.357000000	0.165710000	1.000000000
1961.013970000	56.089000000	1.927910000	1.830260000	0.527115152	1623.264000000	0.198890000	1.000000000
1961.166350000	57.578560000	2.172340000	1.825670000	0.529896970	1610.338000000	0.225550000	1.000000000
1961.318730000	57.878310000	2.723120000	1.827870000	0.528563636	1608.964000000	0.212960000	1.000000000
1961.471120000	58.192570000	2.612620000	1.823810000	0.531024242	1615.358000000	0.237440000	1.000000000
1961.623500000	57.278930000	1.826430000	1.831350000	0.526454545	1608.943000000	0.211780000	1.000000000
1961.775890000	59.432040000	1.879410000	1.836790000	0.523157576	1611.823000000	0.000000000	0.000000000
1961.928270000	59.406120000	1.885280000	1.838950000	0.521848485	1612.926000000	0.000000000	0.000000000
1962.080650000	59.250010000	1.692630000	1.830670000	0.526866667	1607.542000000	0.000000000	0.000000000
1962.233040000	59.726540000	1.543660000	1.828690000	0.528066667	1607.577000000	0.000000000	0.000000000
1962.385420000	58.883720000	1.844860000	1.833420000	0.525200000	1608.464000000	0.000000000	0.000000000
1962.537810000	58.862400000	1.662240000	1.840610000	0.520842424	1605.793000000	0.000000000	0.000000000
1962.690190000	59.379960000	1.850620000	1.836770000	0.523169697	1612.082000000	0.000000000	0.000000000
1962.842570000	59.292980000	1.660180000	1.831160000	0.526569697	1634.383000000	0.000000000	0.000000000
1962.994960000	58.896120000	1.772180000	1.828570000	0.528139394	1627.353000000	0.000000000	0.000000000
1963.147340000	56.629720000	1.627960000	1.833000000	0.525454545	1645.254000000	0.000000000	0.000000000
1963.299720000	57.808430000	1.508050000	1.841340000	0.520400000	1629.812000000	0.000000000	0.000000000
1963.452110000	58.976550000	2.485200000	1.844450000	0.518515152	1633.477000000	0.000000000	0.000000000
1963.604490000	60.006030000	6.564450000	1.843750000	0.518939394	1628.774000000	0.335740000	1.000000000
1963.756880000	60.290370000	6.776210000	1.837370000	0.522806061	1629.998000000	0.409420000	1.000000000
1963.909260000	61.156370000	14.072950000	1.835360000	0.524024242	1633.542000000	0.550170000	1.000000000
1964.061640000	61.661110000	11.063320000	1.829670000	0.527472727	1636.155000000	0.652990000	1.000000000
1964.214030000	62.146820000	13.065310000	1.835060000	0.524206061	1634.950000000	0.673810000	1.000000000
1964.366410000	61.674850000	11.608830000	1.836870000	0.523109091	1634.639000000	0.643080000	1.000000000
1964.518790000	62.756850000	7.118650000	1.839390000	0.521581818	1644.736000000	0.605930000	1.000000000
1964.671180000	62.315150000	4.928690000	1.839540000	0.521490909	1640.861000000	0.405320000	1.000000000
1964.823560000	61.234890000	5.511780000	1.835570000	0.523896970	1635.029000000	0.417070000	1.000000000
1964.975950000	61.481950000	5.254760000	1.837580000	0.522678788	1637.595000000	0.326130000	1.000000000
1965.128330000	61.027090000	2.662090000	1.830410000	0.527024242	1630.352000000	0.291250000	1.000000000
1965.280710000	62.563710000	3.103190000	1.840890000	0.520672727	1631.152000000	0.310990000	1.000000000
1965.433100000	61.359340000	4.770740000	1.839390000	0.521581818	1633.804000000	0.397490000	1.000000000
1965.585480000	63.293690000	4.849570000	1.838280000	0.522254545	1626.887000000	0.452680000	1.000000000
1965.737870000	62.868650000	4.622330000	1.830790000	0.526793939	1625.870000000	0.446730000	1.000000000
1965.890250000	63.666940000	4.118440000	1.834270000	0.524684848	1623.642000000	0.431240000	1.000000000
1966.042630000	62.764920000	3.703780000	1.843900000	0.518848485	1624.002000000	0.386150000	1.000000000
1966.195020000	63.810660000	3.445260000	1.848690000	0.515945455	1624.255000000	0.297870000	1.000000000
1966.347400000	62.152440000	3.252970000	1.845550000	0.517848485	1626.393000000	0.300860000	1.000000000
1966.499780000	61.834240000	2.880480000	1.844080000	0.518739394	1651.039000000	0.297670000	1.000000000
1966.652170000	60.603450000	2.971710000	1.835900000	0.523696970	1627.025000000	0.344970000	1.000000000
1966.804550000	63.788100000	3.363980000	1.836620000	0.523260606	1638.470000000	0.333350000	1.000000000
1966.956940000	64.709170000	3.125030000	1.832230000	0.525921212	1617.340000000	0.409960000	1.000000000
1967.109320000	64.415540000	3.746480000	1.830570000	0.526927273	1616.792000000	0.395870000	1.000000000
1967.261700000	61.712750000	3.918940000	1.834110000	0.524781818	1617.040000000	0.408470000	1.000000000
1967.414090000	57.431440000	3.753740000	1.826570000	0.529351515	1617.692000000	0.398020000	1.000000000
1967.566470000	57.625660000	3.393710000	1.828670000	0.528078788	1616.813000000	0.350650000	1.000000000
1967.718850000	56.944900000	3.614020000	1.825820000	0.529806061	1616.896000000	0.356290000	1.000000000
1967.871240000	58.915760000	2.988250000	1.829020000	0.527866667	1616.619000000	0.338630000	1.000000000
1968.023620000	59.701380000	3.255250000	1.824700000	0.530484848	1621.663000000	0.339460000	1.000000000
1968.176010000	61.367490000	3.350960000	1.831070000	0.526624242	1621.545000000	0.339720000	1.000000000
1968.328390000	61.539310000	3.111580000	1.839610000	0.521448485	1634.997000000	0.293660000	1.000000000
1968.480770000	58.817010000	3.110410000	1.847740000	0.516521212	1619.739000000	0.269830000	1.000000000
1968.633160000	57.480060000	2.961180000	1.841320000	0.520412121	1613.134000000	0.278630000	1.000000000
1968.785540000	58.131960000	2.808060000	1.837240000	0.522884848	1612.413000000	0.278170000	1.000000000
1968.937920000	59.909540000	2.944490000	1.849700000	0.515333333	1612.482000000	0.266400000	1.000000000
1969.090310000	60.540940000	2.734200000	1.854480000	0.512436364	1613.530000000	0.209560000	1.000000000
1969.242690000	60.801940000	2.192420000	1.856610000	0.511145455	1620.673000000	0.203240000	1.000000000
1969.395080000	59.674940000	2.226340000	1.849880000	0.515224242	1611.550000000	0.154270000	1.000000000
1969.547460000	59.343710000	2.209810000	1.838620000	0.522048485	1614.129000000	0.156530000	1.000000000
1969.699840000	58.009720000	2.192080000	1.829990000	0.527278788	1614.075000000	0.156470000	1.000000000
1969.852230000	58.875960000	2.122760000	1.818440000	0.534278788	1633.243000000	0.139230000	1.000000000
1970.004610000	58.121070000	2.266610000	1.826110000	0.529630303	1616.483000000	0.191990000	1.000000000
1970.156990000	58.722640000	2.229390000	1.829320000	0.527684848	1621.618000000	0.209780000	1.000000000
1970.309380000	60.621980000	2.639020000	1.829760000	0.527418182	1625.750000000	0.223780000	1.000000000
1970.461760000	61.829900000	2.590030000	1.840800000	0.520727273	1627.597000000	0.216250000	1.000000000
1970.614140000	63.189010000	2.309310000	1.858500000	0.510000000	1624.373000000	0.180370000	1.000000000
1970.766530000	61.736450000	2.111680000	1.867620000	0.504472727	1622.202000000	0.000000000	0.000000000
1970.918910000	61.766330000	1.991890000	1.867230000	0.504709091	1637.991000000	0.000000000	0.000000000
1971.071300000	59.049020000	1.964620000	1.862920000	0.507321212	1640.735000000	0.000000000	0.000000000
1971.223680000	58.189270000	1.875100000	1.861870000	0.507957576	1624.444000000	0.000000000	0.000000000
1971.376060000	58.272790000	1.999570000	1.858180000	0.510193939	1625.443000000	0.000000000	0.000000000
1971.528450000	58.878600000	1.921160000	1.851230000	0.514406061	1625.549000000	0.000000000	0.000000000
1971.680830000	59.582600000	2.010970000	1.854930000	0.512163636	1628.675000000	0.000000000	0.000000000
1971.833210000	57.427040000	2.002850000	1.845910000	0.517630303	1628.992000000	0.000000000	0.000000000
1971.985600000	57.811430000	2.007770000	1.850500000	0.514848485	1625.165000000	0.000000000	0.000000000
1972.137980000	57.483590000	2.018490000	1.853140000	0.513248485	1620.896000000	0.000000000	0.000000000
1972.290370000	59.223710000	2.093800000	1.866470000	0.505169697	1625.308000000	0.000000000	0.000000000
1972.442750000	57.895330000	2.331340000	1.873020000	0.501200000	1622.417000000	0.000000000	0.000000000
1972.595130000	57.693390000	1.897310000	1.872900000	0.501272727	1620.201000000	0.000000000	0.000000000
1972.747520000	58.296550000	1.826770000	1.868880000	0.503709091	1620.321000000	0.000000000	0.000000000
1972.899900000	58.376940000	1.805620000	1.862290000	0.507703030	1617.510000000	0.000000000	0.000000000
1973.052280000	59.437630000	1.899590000	1.856710000	0.511084848	1616.210000000	0.000000000	0.000000000
1973.204670000	60.717850000	1.819780000	1.859080000	0.509648485	1614.684000000	0.000000000	0.000000000
1973.357050000	60.973420000	1.689920000	1.865490000	0.505763636	1618.818000000	0.000000000	0.000000000
1973.509430000	54.964700000	1.700350000	1.866110000	0.505387879	1624.417000000	0.000000000	0.000000000
1973.661820000	51.161350000	1.709930000	1.873060000	0.501175758	1612.998000000	0.000000000	0.000000000
1973.814200000	53.443010000	1.809190000	1.864870000	0.506139394	1609.693000000	0.000000000	0.000000000
1973.966580000	58.338420000	1.791910000	1.867110000	0.504781818	1609.655000000	0.000000000	0.000000000
1974.118970000	60.609120000	1.693520000	1.861260000	0.508327273	1629.467000000	0.000000000	0.000000000
1974.271350000	59.739870000	1.531800000	1.866350000	0.505242424	1627.325000000	0.000000000	0.000000000
1974.423740000	59.366960000	1.557460000	1.871330000	0.502224242	1628.976000000	0.000000000	0.000000000
1974.576120000	60.147370000	1.768260000	1.873040000	0.501187879	1634.026000000	0.000000000	0.000000000
1974.728500000	58.961850000	1.882850000	1.875350000	0.499787879	1634.599000000	0.000000000	0.000000000
1974.880890000	58.813170000	1.748970000	1.877490000	0.498490909	1628.946000000	0.000000000	0.000000000
1975.033270000	57.884080000	1.760930000	1.876060000	0.499357576	1630.193000000	0.000000000	0.000000000
1975.185650000	58.815810000	1.685230000	1.877760000	0.498327273	1631.355000000	0.000000000	0.000000000
1975.338040000	60.236970000	1.806550000	1.874070000	0.500563636	1627.433000000	0.000000000	0.000000000
1975.490420000	61.345030000	1.690510000	1.864520000	0.506351515	1624.596000000	0.000000000	0.000000000
1975.642800000	61.391870000	1.747080000	1.857290000	0.510733333	1621.660000000	0.000000000	0.000000000
1975.795190000	61.200330000	1.611790000	1.857450000	0.510636364	1621.025000000	0.000000000	0.000000000
1975.947570000	58.634410000	1.770610000	1.861080000	0.508436364	1622.826000000	0.000000000	0.000000000
1976.099950000	59.535820000	1.672370000	1.857020000	0.510896970	1624.890000000	0.000000000	0.000000000
1976.252340000	59.231000000	1.722190000	1.851430000	0.514284848	1622.741000000	0.000000000	0.000000000
1976.404720000	60.878490000	1.661910000	1.856100000	0.511454545	1623.124000000	0.000000000	0.000000000
1976.557100000	60.284570000	1.493480000	1.863360000	0.507054545	1622.449000000	0.000000000	0.000000000
1976.709490000	59.930370000	1.522640000	1.865220000	0.505927273	1620.808000000	0.000000000	0.000000000
1976.861870000	59.338460000	1.551070000	1.869030000	0.503618182	1622.150000000	0.000000000	0.000000000
1977.014250000	59.013370000	1.665160000	1.872460000	0.501539394	1620.421000000	0.000000000	0.000000000
1977.166640000	58.190330000	1.530350000	1.880750000	0.496515152	1618.682000000	0.000000000	0.000000000
1977.319020000	55.751410000	1.481950000	1.875830000	0.499496970	1614.984000000	0.000000000	0.000000000
1977.471400000	55.846710000	1.525330000	1.871240000	0.502278788	1630.321000000	0.000000000	0.000000000
1977.623790000	57.454040000	1.643060000	1.863680000	0.506860606	1626.712000000	0.000000000	0.000000000
1977.776170000	61.104300000	1.721110000	1.866770000	0.504987879	1646.242000000	0.000000000	0.000000000
1977.928550000	62.463650000	1.907870000	1.878650000	0.497787879	1644.283000000	0.000000000	0.000000000
1978.080940000	62.976400000	2.089850000	1.884520000	0.494230303	1664.365000000	0.000000000	0.000000000
1978.233320000	62.508100000	1.743330000	1.880150000	0.496878788	1655.692000000	0.000000000	0.000000000
1978.385700000	60.687370000	1.847760000	1.877050000	0.498757576	1654.277000000	0.000000000	0.000000000
1978.538090000	59.492330000	1.916910000	1.880610000	0.496600000	1654.941000000	0.000000000	0.000000000
1978.690470000	59.404980000	1.665780000	1.882590000	0.495400000	1656.349000000	0.000000000	0.000000000
1978.842850000	61.375190000	1.923720000	1.882570000	0.495412121	1646.833000000	0.000000000	0.000000000
1978.995240000	61.653600000	1.868490000	1.881090000	0.496309091	1645.724000000	0.000000000	0.000000000
1979.147620000	62.055800000	1.725540000	1.885690000	0.493521212	1646.315000000	0.000000000	0.000000000
1979.300000000	59.851780000	1.734280000	1.878180000	0.498072727	1642.874000000	0.000000000	0.000000000
1979.452390000	58.746960000	1.960600000	1.883670000	0.494745455	1639.102000000	0.000000000	0.000000000
1979.604770000	57.843960000	1.822680000	1.885260000	0.493781818	1640.257000000	0.000000000	0.000000000
1979.757150000	60.073930000	1.874930000	1.890940000	0.490339394	1632.833000000	0.000000000	0.000000000
1979.909540000	59.373070000	1.784510000	1.887590000	0.492369697	1629.570000000	0.000000000	0.000000000
1980.061920000	57.712110000	1.724760000	1.886270000	0.493169697	1629.565000000	0.000000000	0.000000000
1980.214300000	55.990230000	1.729590000	1.889190000	0.491400000	1633.943000000	0.000000000	0.000000000
1980.366690000	57.745950000	1.634950000	1.886530000	0.493012121	1634.816000000	0.000000000	0.000000000
1980.519070000	58.296190000	1.616130000	1.902340000	0.483430303	1620.980000000	0.000000000	0.000000000
1980.671450000	57.957500000	1.562800000	1.917610000	0.474175758	1621.241000000	0.000000000	0.000000000
1980.823840000	57.657520000	2.101660000	1.914500000	0.476060606	1625.851000000	0.000000000	0.000000000
1980.976220000	58.700400000	1.813520000	1.894040000	0.488460606	1622.904000000	0.000000000	0.000000000
1981.128600000	59.716920000	1.735780000	1.875530000	0.499678788	1625.384000000	0.000000000	0.000000000
1981.280990000	60.093150000	1.717530000	1.873010000	0.501206061	1620.497000000	0.000000000	0.000000000
1981.433370000	61.564140000	1.721580000	1.863790000	0.506793939	1620.632000000	0.000000000	0.000000000
1981.585750000	59.727600000	1.496620000	1.848360000	0.516145455	1625.563000000	0.000000000	0.000000000
1981.738140000	58.394930000	1.863040000	1.839020000	0.521806061	1623.173000000	0.000000000	0.000000000
1981.890520000	56.286010000	1.478030000	1.821060000	0.532690909	1633.489000000	0.000000000	0.000000000
1982.652440000	54.377250000	1.846310000	1.831290000	0.526490909	1603.428000000	0.000000000	0.000000000
1982.804820000	54.053360000	1.760770000	1.830600000	0.526909091	1595.786000000	0.000000000	0.000000000
1982.957200000	51.768430000	1.492500000	1.813250000	0.537424242	1591.703000000	0.000000000	0.000000000
1983.109580000	51.769780000	1.288020000	1.793410000	0.549448485	1593.788000000	0.000000000	0.000000000
1983.414350000	56.704200000	1.651690000	1.832640000	0.525672727	1603.356000000	0.000000000	0.000000000
1983.566730000	57.581940000	1.701450000	1.851980000	0.513951515	1607.480000000	0.000000000	0.000000000
1983.719120000	56.783990000	1.571140000	1.828180000	0.528375758	1610.566000000	0.000000000	0.000000000
1983.871500000	55.527360000	1.616700000	1.813470000	0.537290909	1624.970000000	0.000000000	0.000000000
1984.023880000	54.556060000	1.627070000	1.802020000	0.544230303	1625.186000000	0.000000000	0.000000000
1984.176270000	52.084030000	1.422470000	1.817710000	0.534721212	1630.381000000	0.000000000	0.000000000
1984.328650000	51.983210000	1.996070000	1.832870000	0.525533333	1624.466000000	0.000000000	0.000000000
1985.090560000	58.770930000	1.670200000	1.824080000	0.530860606	1606.283000000	0.000000000	0.000000000
1985.242950000	56.672830000	2.070530000	1.817990000	0.534551515	1583.809000000	0.000000000	0.000000000
1985.395330000	53.733090000	1.326750000	1.829480000	0.527587879	1590.736000000	0.000000000	0.000000000
1985.547710000	51.761330000	2.218570000	1.759350000	0.570090909	1598.158000000	0.000000000	0.000000000
1985.700100000	50.105030000	1.354000000	1.752500000	0.574242424	1611.540000000	0.000000000	0.000000000
1985.852480000	51.076180000	1.228980000	1.725330000	0.590709091	1614.776000000	0.000000000	0.000000000
1986.004860000	56.771980000	1.528330000	1.781410000	0.556721212	1633.677000000	0.000000000	0.000000000
1986.157250000	58.673290000	1.571400000	1.805050000	0.542393939	1634.774000000	0.000000000	0.000000000
1986.309630000	59.131760000	1.920640000	1.844530000	0.518466667	1632.299000000	0.000000000	0.000000000
1986.462010000	55.388890000	1.925550000	1.802350000	0.544030303	1636.278000000	0.000000000	0.000000000
1986.614390000	57.255580000	0.866150000	1.725150000	0.590818182	1628.719000000	0.000000000	0.000000000
1986.766780000	56.429580000	1.389460000	1.656150000	0.632636364	1620.984000000	0.000000000	0.000000000
1986.919160000	53.333200000	1.052980000	1.632670000	0.646866667	1613.321000000	0.000000000	0.000000000
1987.071540000	50.836510000	1.046020000	1.579160000	0.679296970	1598.746000000	0.000000000	0.000000000
1987.223930000	49.856020000	0.924110000	1.555940000	0.693369697	1596.706000000	0.000000000	0.000000000
1987.376310000	50.205400000	1.874290000	1.576220000	0.681078788	1604.635000000	0.000000000	0.000000000
1987.528690000	49.819230000	2.570210000	1.637290000	0.644066667	1613.158000000	0.000000000	0.000000000
1987.681070000	49.315930000	1.625290000	1.614900000	0.657636364	1606.886000000	0.000000000	0.000000000
1987.833460000	49.014080000	0.977880000	1.572600000	0.683272727	1591.591000000	0.000000000	0.000000000
1987.985840000	47.024340000	1.256890000	1.541590000	0.702066667	1615.643000000	0.000000000	0.000000000
1988.138220000	47.188070000	1.148710000	1.542350000	0.701606061	1620.821000000	0.000000000	0.000000000
1988.290610000	48.347240000	1.057050000	1.548870000	0.697654545	1624.972000000	0.000000000	0.000000000
1988.442990000	50.656930000	1.121300000	1.547690000	0.698369697	1628.530000000	0.000000000	0.000000000
1988.595370000	52.883170000	2.234210000	1.615640000	0.657187879	1629.889000000	0.000000000	0.000000000
1988.747750000	53.687210000	1.967610000	1.705680000	0.602618182	1634.827000000	0.000000000	0.000000000
1988.900140000	54.676580000	2.064250000	1.824920000	0.530351515	1655.789000000	0.000000000	0.000000000
1989.052520000	53.040860000	1.569020000	1.843430000	0.519133333	1635.817000000	0.000000000	0.000000000
1989.204900000	53.118500000	1.281670000	1.723360000	0.591903030	1635.807000000	0.000000000	0.000000000
1989.662050000	52.418110000	1.108650000	1.444090000	0.761157576	1596.664000000	0.000000000	0.000000000
1989.814430000	51.182520000	1.180010000	1.477900000	0.740666667	1618.948000000	0.000000000	0.000000000
1989.966820000	51.058240000	2.153400000	1.575930000	0.681254545	1608.614000000	0.000000000	0.000000000
1990.119200000	51.541160000	1.413350000	1.662430000	0.628830303	1629.479000000	0.000000000	0.000000000
1990.271580000	54.272510000	1.299350000	1.710810000	0.599509091	1614.860000000	0.000000000	0.000000000
1990.423970000	55.604400000	1.405710000	1.752480000	0.574254545	1621.993000000	0.000000000	0.000000000
1990.576350000	56.662120000	1.625280000	1.798320000	0.546472727	1622.085000000	0.000000000	0.000000000
1990.728730000	58.390090000	1.651350000	1.834050000	0.524818182	1619.231000000	0.000000000	0.000000000
1990.881110000	60.169460000	1.791480000	1.845590000	0.517824242	1643.553000000	0.000000000	0.000000000
1991.033500000	61.601720000	1.150900000	1.837810000	0.522539394	1623.902000000	0.000000000	0.000000000
1991.185880000	59.459860000	1.338610000	1.788180000	0.552618182	1604.689000000	0.000000000	0.000000000
1991.338260000	59.065300000	1.508060000	1.776230000	0.559860606	1605.678000000	0.000000000	0.000000000
1991.490640000	57.708740000	1.348320000	1.720600000	0.593575758	1667.369000000	0.000000000	0.000000000
1991.643030000	59.067450000	1.697020000	1.730040000	0.587854545	1684.328000000	0.000000000	0.000000000
1991.795410000	60.672410000	1.547030000	1.722700000	0.592303030	1717.933000000	0.000000000	0.000000000
1991.947790000	60.188150000	1.492760000	1.730560000	0.587539394	1718.294000000	0.000000000	0.000000000
1992.100180000	60.301230000	1.024770000	1.725900000	0.590363636	1726.947000000	0.000000000	0.000000000
1992.252560000	57.890960000	1.478480000	1.683980000	0.615769697	1694.595000000	0.000000000	0.000000000
1992.404940000	54.302580000	1.184400000	1.666940000	0.626096970	1678.869000000	0.000000000	0.000000000
1992.557320000	47.253060000	1.412790000	1.616720000	0.656533333	1660.260000000	0.000000000	0.000000000
1992.709710000	46.237310000	1.110730000	1.612730000	0.658951515	1644.388000000	0.000000000	0.000000000
1992.862090000	49.633220000	1.044630000	1.628750000	0.649242424	1640.419000000	0.000000000	0.000000000
1993.014470000	54.830710000	2.084600000	1.685820000	0.614654545	1651.954000000	0.000000000	0.000000000
1993.166850000	55.569610000	2.039510000	1.706800000	0.601939394	1666.127000000	0.000000000	0.000000000
1993.319240000	54.990610000	2.139180000	1.695730000	0.608648485	1643.461000000	0.000000000	0.000000000
1993.471620000	55.168890000	1.152200000	1.670560000	0.623903030	1629.173000000	0.000000000	0.000000000
1993.624000000	55.020220000	1.036460000	1.631000000	0.647878788	1644.714000000	0.000000000	0.000000000
1993.776380000	57.861530000	1.131410000	1.576340000	0.681006061	1666.632000000	0.000000000	0.000000000
1993.928770000	57.059120000	1.238430000	1.549800000	0.697090909	1662.436000000	0.000000000	0.000000000
1994.081150000	56.601870000	1.182690000	1.546380000	0.699163636	1664.183000000	0.000000000	0.000000000
1994.233530000	55.182020000	1.063830000	1.591280000	0.671951515	1673.851000000	0.000000000	0.000000000
1994.385910000	55.130870000	1.097680000	1.565270000	0.687715152	1673.613000000	0.000000000	0.000000000
1994.538300000	53.197990000	1.009810000	1.520780000	0.714678788	1664.095000000	0.000000000	0.000000000
1994.690680000	49.287070000	1.099770000	1.473930000	0.743072727	1665.244000000	0.000000000	0.000000000
1994.843060000	48.256590000	2.416510000	1.460270000	0.751351515	1665.295000000	0.000000000	0.000000000
1994.995440000	49.287740000	1.200490000	1.490360000	0.733115152	1687.969000000	0.000000000	0.000000000
1995.147830000	52.129110000	1.254890000	1.497690000	0.728672727	1662.899000000	0.000000000	0.000000000
1995.300210000	53.561200000	1.641090000	1.532650000	0.707484848	1664.601000000	0.000000000	0.000000000
1995.452590000	55.066060000	1.432900000	1.495420000	0.730048485	1664.057000000	0.000000000	0.000000000
1995.604970000	53.731620000	1.058910000	1.454610000	0.754781818	1665.865000000	0.000000000	0.000000000
1995.757360000	52.727580000	0.890780000	1.389910000	0.793993939	1667.357000000	0.000000000	0.000000000
1995.909740000	50.017730000	0.828730000	1.386170000	0.796260606	1665.534000000	0.000000000	0.000000000
1996.062120000	48.429410000	0.932840000	1.460210000	0.751387879	1664.150000000	0.000000000	0.000000000
1996.214500000	47.801180000	1.080450000	1.584380000	0.676133333	1664.507000000	0.000000000	0.000000000
1996.976420000	44.329650000	1.533220000	1.396980000	0.789709091	1667.150000000	0.361350000	2.000000000
1997.128800000	43.177330000	1.453740000	1.350550000	0.817848485	1646.004000000	0.394150000	2.000000000
1998.043090000	48.648870000	2.825330000	1.787780000	0.552860606	1654.092000000	0.681590000	2.000000000
1998.195470000	49.493590000	40.200320000	1.885690000	0.493521212	1634.640000000	0.469580000	2.000000000
1998.347860000	48.972550000	4.758800000	1.882730000	0.495315152	1585.785000000	0.538110000	2.000000000
1999.262150000	34.096630000	1.171430000	1.370500000	0.805757576	1597.074000000	0.000000000	0.000000000
1999.414530000	34.861560000	1.086150000	1.387790000	0.795278788	1581.896000000	0.000000000	0.000000000
1999.566920000	34.735960000	1.143380000	1.426090000	0.772066667	1581.610000000	0.000000000	0.000000000
1999.719300000	36.571330000	1.306970000	1.462530000	0.749981818	1591.950000000	0.000000000	0.000000000
1999.871680000	37.552340000	1.426830000	1.482700000	0.737757576	1564.745000000	0.000000000	0.000000000
2000.024060000	40.164510000	1.353750000	1.513460000	0.719115152	1563.177000000	0.000000000	0.000000000
2000.176440000	40.892240000	1.267490000	1.535830000	0.705557576	1591.087000000	0.000000000	0.000000000
2000.328830000	41.116660000	1.236230000	1.561260000	0.690145455	1610.721000000	0.000000000	0.000000000
2000.481210000	40.615190000	1.242890000	1.558130000	0.692042424	1609.491000000	0.000000000	0.000000000
2000.633590000	40.465550000	1.054740000	1.542940000	0.701248485	1609.757000000	0.000000000	0.000000000
2000.785970000	39.511030000	1.079410000	1.520670000	0.714745455	1597.687000000	0.000000000	0.000000000
2000.938350000	38.328690000	1.092860000	1.506670000	0.723230303	1597.421000000	0.000000000	0.000000000
2001.090740000	36.692120000	1.022850000	1.487570000	0.734806061	1605.468000000	0.000000000	0.000000000
2001.243120000	35.918200000	0.879010000	1.477510000	0.740903030	1602.350000000	0.000000000	0.000000000
2001.395500000	35.355220000	0.879930000	1.466650000	0.747484848	1617.040000000	0.000000000	0.000000000
2001.547880000	34.679130000	0.913170000	1.467620000	0.746896970	1611.577000000	0.000000000	0.000000000
2001.700270000	33.216780000	0.932710000	1.461020000	0.750896970	1624.715000000	0.000000000	0.000000000
2001.852650000	32.823530000	0.911860000	1.461070000	0.750866667	1623.446000000	0.000000000	0.000000000
2002.005030000	33.652040000	0.943570000	1.459410000	0.751872727	1623.429000000	0.000000000	0.000000000
2002.157410000	35.613010000	0.972540000	1.457830000	0.752830303	1638.565000000	0.000000000	0.000000000
2002.309790000	37.312120000	1.021210000	1.453110000	0.755690909	1613.283000000	0.000000000	0.000000000
2002.462180000	38.593810000	0.997130000	1.445240000	0.760460606	1607.179000000	0.000000000	0.000000000
2002.614560000	41.431320000	1.026210000	1.432360000	0.768266667	1633.813000000	0.000000000	0.000000000
2002.766940000	41.565330000	1.075690000	1.426590000	0.771763636	1616.537000000	0.000000000	0.000000000
2002.919320000	45.134400000	1.245920000	1.433950000	0.767303030	1605.650000000	0.000000000	0.000000000
2003.071700000	49.834640000	1.093070000	1.468850000	0.746151515	1587.609000000	0.000000000	0.000000000
2003.224090000	58.610280000	1.065610000	1.524160000	0.712630303	1580.122000000	0.000000000	0.000000000
2004.138380000	72.288860000	1.225550000	1.486330000	0.735557576	1568.828000000	0.000000000	0.000000000
2004.290760000	72.465290000	0.950490000	1.485910000	0.735812121	1567.493000000	0.000000000	0.000000000
2004.443140000	70.156460000	0.982960000	1.435430000	0.766406061	1571.636000000	0.000000000	0.000000000
2004.595520000	72.756070000	0.934790000	1.344820000	0.821321212	1563.908000000	0.000000000	0.000000000
2004.747910000	76.460720000	0.971920000	1.266050000	0.869060606	1554.327000000	0.000000000	0.000000000
2004.900290000	73.920280000	0.934850000	1.251090000	0.878127273	1552.733000000	0.000000000	0.000000000
2005.052670000	69.182760000	0.872920000	1.288770000	0.855290909	1557.802000000	0.000000000	0.000000000
2005.205050000	64.780920000	0.839870000	1.359170000	0.812624242	1556.897000000	0.000000000	0.000000000
2005.357430000	61.668500000	0.882120000	1.413180000	0.779890909	1550.287000000	0.000000000	0.000000000
2005.509820000	55.219470000	0.891480000	1.440490000	0.763339394	1560.275000000	0.000000000	0.000000000
2005.662200000	49.408360000	0.933620000	1.454110000	0.755084848	1563.814000000	0.000000000	0.000000000
2005.814580000	50.127120000	0.916580000	1.460190000	0.751400000	1576.170000000	0.000000000	0.000000000
2005.966960000	55.265830000	0.887770000	1.461350000	0.750696970	1575.721000000	0.000000000	0.000000000
2006.119340000	61.823530000	0.900510000	1.457180000	0.753224242	1547.815000000	0.000000000	0.000000000
2006.271730000	65.930520000	0.918690000	1.452340000	0.756157576	1523.240000000	0.000000000	0.000000000
2006.424110000	66.728100000	0.957220000	1.454900000	0.754606061	1479.874000000	0.000000000	0.000000000
2006.576490000	67.433820000	0.896330000	1.462480000	0.750012121	1467.866000000	0.000000000	0.000000000
2006.728870000	67.041110000	0.921900000	1.471630000	0.744466667	1440.678000000	0.000000000	0.000000000
2006.881250000	66.949910000	0.926960000	1.480240000	0.739248485	1449.096000000	0.000000000	0.000000000
2007.033630000	65.261150000	0.882520000	1.476190000	0.741703030	1475.832000000	0.000000000	0.000000000
2007.186020000	65.193220000	0.899390000	1.474310000	0.742842424	1526.373000000	0.000000000	0.000000000
2007.338400000	64.832050000	0.936760000	1.472900000	0.743696970	1550.878000000	0.000000000	0.000000000
2007.490780000	64.363360000	0.921670000	1.482780000	0.737709091	1550.845000000	0.000000000	0.000000000
2007.643160000	63.562000000	0.991970000	1.488430000	0.734284848	1570.499000000	0.000000000	0.000000000
2007.795540000	63.545290000	0.993800000	1.487120000	0.735078788	1576.111000000	0.000000000	0.000000000
2007.947930000	62.813110000	1.010730000	1.480840000	0.738884848	1590.113000000	0.000000000	0.000000000
2008.100310000	60.096370000	1.020700000	1.491300000	0.732545455	1628.083000000	0.000000000	0.000000000
2008.252690000	58.701090000	0.997160000	1.514020000	0.718775758	1671.948000000	0.000000000	0.000000000
2008.405070000	55.829940000	0.990310000	1.539420000	0.703381818	1682.250000000	0.000000000	0.000000000
2008.557450000	55.681660000	1.073430000	1.551320000	0.696169697	1708.526000000	0.000000000	0.000000000
2008.709830000	54.741970000	1.047070000	1.589400000	0.673090909	1712.862000000	0.000000000	0.000000000
2008.862220000	60.913320000	1.147320000	1.659380000	0.630678788	1744.933000000	0.000000000	0.000000000
2009.014600000	62.422110000	1.224910000	1.753490000	0.573642424	1752.737000000	0.000000000	0.000000000
2009.166980000	71.443720000	1.279640000	1.789040000	0.552096970	1743.962000000	0.000000000	0.000000000
2009.319360000	80.369610000	1.223730000	1.803050000	0.543606061	1673.178000000	0.000000000	0.000000000
2009.471740000	94.674820000	1.191490000	1.795820000	0.547987879	1652.313000000	0.000000000	0.000000000
2009.624120000	102.545200000	1.145630000	1.753600000	0.573575758	1631.782000000	0.000000000	0.000000000
2009.776510000	106.959700000	1.402320000	1.743880000	0.579466667	1637.881000000	0.000000000	0.000000000
2009.928890000	99.827550000	1.063350000	1.713400000	0.597939394	1654.083000000	0.000000000	0.000000000
2010.081270000	81.907570000	1.022490000	1.713560000	0.597842424	1633.856000000	0.000000000	0.000000000
2010.233650000	62.323200000	1.470750000	1.652290000	0.634975758	1619.068000000	0.000000000	0.000000000
2010.386030000	51.149450000	0.914060000	1.654230000	0.633800000	1605.373000000	0.000000000	0.000000000
2010.538410000	49.649790000	0.988060000	1.659800000	0.630424242	1590.982000000	0.000000000	0.000000000
2010.690800000	50.228690000	1.104640000	1.700570000	0.605715152	1585.023000000	0.000000000	0.000000000
2010.843180000	52.790330000	1.562680000	1.700910000	0.605509091	1586.432000000	0.000000000	0.000000000
2010.995560000	53.351320000	0.856250000	1.636860000	0.644327273	1584.481000000	0.000000000	0.000000000
2011.147940000	54.052500000	0.572930000	1.544340000	0.700400000	1593.417000000	0.000000000	0.000000000
2011.300320000	51.310920000	0.530190000	1.481000000	0.738787879	1568.732000000	0.000000000	0.000000000
2011.452700000	50.486390000	0.480640000	1.467160000	0.747175758	1573.361000000	0.000000000	0.000000000
2011.605090000	47.071510000	0.578020000	1.497530000	0.728769697	1577.568000000	0.000000000	0.000000000
2011.757470000	47.527970000	1.217430000	1.561530000	0.689981818	1572.644000000	0.000000000	0.000000000
2011.909850000	51.584750000	1.190320000	1.648200000	0.637454545	1588.641000000	0.000000000	0.000000000
2012.062230000	56.054230000	1.066660000	1.764810000	0.566781818	1590.777000000	0.000000000	0.000000000
2012.214610000	65.610160000	1.017710000	1.827550000	0.528757576	1605.091000000	0.000000000	0.000000000
2012.366990000	66.604140000	0.969110000	1.863090000	0.507218182	1607.280000000	0.000000000	0.000000000
2012.519370000	68.263060000	1.229280000	1.849150000	0.515666667	1609.667000000	0.000000000	0.000000000
2012.671760000	62.463510000	0.638260000	1.762220000	0.568351515	1616.374000000	0.000000000	0.000000000
2012.824140000	62.013790000	0.987400000	1.726210000	0.590175758	1634.183000000	0.000000000	0.000000000
2012.976520000	61.206320000	1.535370000	1.694510000	0.609387879	1632.810000000	0.000000000	0.000000000
2013.128900000	61.298010000	1.600100000	1.781930000	0.556406061	1631.011000000	0.000000000	0.000000000
2013.281280000	61.321310000	1.531730000	1.849420000	0.515503030	1624.894000000	0.000000000	0.000000000
2013.433660000	60.836540000	1.550610000	1.914130000	0.476284848	1630.218000000	0.000000000	0.000000000
2013.586040000	63.100880000	1.501120000	1.908570000	0.479654545	1648.538000000	0.000000000	0.000000000
2013.738430000	63.025530000	1.593660000	1.890150000	0.490818182	1646.230000000	0.000000000	0.000000000
2013.890810000	62.131690000	1.789410000	1.864260000	0.506509091	1643.060000000	0.000000000	0.000000000
2014.043190000	61.553330000	0.863400000	1.850190000	0.515036364	1644.761000000	0.000000000	0.000000000
2014.195570000	61.980640000	2.130140000	1.859240000	0.509551515	1643.367000000	0.000000000	0.000000000
2014.347950000	64.018070000	1.734760000	1.902050000	0.483606061	1648.551000000	0.000000000	0.000000000
2014.500330000	60.446020000	1.755860000	1.927040000	0.468460606	1637.333000000	0.000000000	0.000000000
2014.652710000	58.309460000	1.587440000	1.939120000	0.461139394	1656.769000000	0.000000000	0.000000000
2014.805090000	58.910650000	1.524130000	1.924180000	0.470193939	1661.429000000	0.000000000	0.000000000
2014.957480000	61.776040000	1.520620000	1.934260000	0.464084848	1653.956000000	0.000000000	0.000000000
2015.109860000	63.233690000	1.500730000	1.932390000	0.465218182	1645.723000000	0.000000000	0.000000000
2015.262240000	61.579510000	1.536560000	1.934390000	0.464006061	1641.359000000	0.000000000	0.000000000
2015.414620000	59.190260000	1.562470000	1.938840000	0.461309091	1634.872000000	0.000000000	0.000000000
2015.567000000	59.265040000	1.492550000	1.943150000	0.458696970	1633.892000000	0.000000000	0.000000000
2015.719380000	58.661090000	1.532870000	1.947960000	0.455781818	1628.858000000	0.000000000	0.000000000
2015.871760000	58.511860000	1.487940000	1.949470000	0.454866667	1625.506000000	0.000000000	0.000000000
2016.024150000	60.267300000	1.456320000	1.951320000	0.453745455	1627.203000000	0.000000000	0.000000000
2016.176530000	62.201660000	1.508460000	1.950770000	0.454078788	1621.632000000	0.000000000	0.000000000
2016.328910000	63.029250000	1.550670000	1.955840000	0.451006061	1613.960000000	0.000000000	0.000000000
2016.481290000	60.506270000	1.588070000	1.962530000	0.446951515	1614.101000000	0.000000000	0.000000000
2016.633670000	57.488460000	1.447540000	1.967620000	0.443866667	1602.061000000	0.000000000	0.000000000
2016.786050000	57.721100000	1.787570000	1.968870000	0.443109091	1583.695000000	0.000000000	0.000000000
2016.938430000	56.658020000	1.925980000	1.967000000	0.444242424	1584.103000000	0.000000000	0.000000000
2017.090810000	56.427400000	1.994110000	1.896970000	0.486684848	1621.505000000	0.000000000	0.000000000
2017.243190000	51.589370000	1.901990000	1.681630000	0.617193939	1647.184000000	0.000000000	0.000000000
2017.395580000	45.411820000	0.990540000	1.418230000	0.776830303	1661.670000000	0.000000000	0.000000000
2017.547960000	40.088890000	0.907880000	1.254600000	0.876000000	1684.581000000	0.000000000	0.000000000
2017.700340000	37.344660000	0.787650000	1.164290000	0.930733333	1701.615000000	0.000000000	0.000000000
2017.852720000	33.648560000	0.601710000	1.130790000	0.951036364	1664.694000000	0.000000000	0.000000000
2018.005100000	29.426020000	0.627140000	1.114790000	0.960733333	1633.665000000	0.000000000	0.000000000
2018.767010000	30.823310000	0.935940000	1.247170000	0.880503030	1678.312000000	0.000000000	0.000000000
2018.919390000	32.940100000	0.897390000	1.199570000	0.909351515	1660.274000000	0.000000000	0.000000000
2019.071770000	36.622280000	1.050090000	1.232050000	0.889666667	1644.363000000	0.000000000	0.000000000
2019.986050000	41.694110000	0.929990000	1.596450000	0.668818182	1580.554000000	0.000000000	0.000000000
2020.138430000	43.353240000	1.069410000	1.573240000	0.682884848	1607.993000000	0.000000000	0.000000000
2020.900340000	29.123510000	0.770520000	1.155290000	0.936187879	1646.464000000	0.000000000	0.000000000
2021.052720000	33.015750000	0.744480000	1.228380000	0.891890909	1662.861000000	0.000000000	0.000000000
2021.205100000	38.526590000	0.656660000	1.323810000	0.834054545	1652.183000000	0.000000000	0.000000000
2021.357480000	41.618770000	0.605330000	1.467750000	0.746818182	1648.748000000	0.000000000	0.000000000
2021.509860000	44.365050000	0.835130000	1.572280000	0.683466667	1654.890000000	0.000000000	0.000000000
2021.662240000	46.999680000	0.984680000	1.621210000	0.653812121	1640.681000000	0.000000000	0.000000000
2021.814620000	47.892300000	1.181900000	1.647860000	0.637660606	1644.253000000	0.000000000	0.000000000
2021.967010000	48.720410000	1.252570000	1.648080000	0.637527273	1636.431000000	0.000000000	0.000000000
2022.119390000	46.653670000	1.263660000	1.619590000	0.654793939	1625.001000000	0.000000000	0.000000000
2022.271770000	47.206650000	1.579840000	1.591030000	0.672103030	1622.235000000	0.000000000	0.000000000
2022.424150000	47.101770000	1.328310000	1.588470000	0.673654545	1658.950000000	0.000000000	0.000000000
2022.576530000	47.201990000	1.534070000	1.600780000	0.666193939	1660.434000000	0.000000000	0.000000000
2022.728910000	49.411910000	2.866620000	1.627570000	0.649957576	1659.921000000	0.000000000	0.000000000
2022.881290000	49.530950000	6.594620000	1.641320000	0.641624242	1641.725000000	0.324470000	1.000000000
2023.033670000	49.832210000	2.110470000	1.664040000	0.627854545	1641.365000000	0.366700000	1.000000000
2023.186050000	48.110470000	1.724270000	1.694790000	0.609218182	1651.844000000	0.251830000	1.000000000
2023.338430000	49.557440000	1.781920000	1.767630000	0.565072727	1652.316000000	0.000000000	0.000000000
2023.490810000	53.708360000	2.005930000	1.866020000	0.505442424	1655.963000000	0.000000000	0.000000000
2023.643190000	58.111570000	1.800870000	1.931430000	0.465800000	1650.657000000	0.000000000	0.000000000
2023.795570000	60.046990000	1.640280000	1.945850000	0.457060606	1651.181000000	0.000000000	0.000000000
2023.947960000	60.554440000	1.690620000	1.940840000	0.460096970	1647.011000000	0.000000000	0.000000000
2024.100340000	60.604470000	1.440470000	1.952700000	0.452909091	1646.579000000	0.000000000	0.000000000
2024.252720000	60.599180000	1.562760000	1.979150000	0.436878788	1646.313000000	0.000000000	0.000000000
2024.405100000	60.869320000	1.515020000	1.985680000	0.432921212	1656.245000000	0.000000000	0.000000000
2024.557480000	59.363450000	1.487760000	1.977050000	0.438151515	1642.108000000	0.000000000	0.000000000
2024.709860000	59.012830000	1.586610000	1.958030000	0.449678788	1633.867000000	0.000000000	0.000000000
2024.862240000	56.692520000	1.435180000	1.928720000	0.467442424	1635.500000000	0.000000000	0.000000000
2025.014620000	54.877090000	1.505120000	1.921340000	0.471915152	1637.282000000	0.000000000	0.000000000
2025.167000000	54.535650000	1.461600000	1.913130000	0.476890909	1631.170000000	0.000000000	0.000000000
2025.319380000	57.403470000	1.458800000	1.922400000	0.471272727	1636.247000000	0.000000000	0.000000000
2025.471760000	61.174420000	1.706430000	1.926920000	0.468533333	1625.703000000	0.000000000	0.000000000
2025.624140000	64.029220000	2.710040000	1.927550000	0.468151515	1613.425000000	0.000000000	0.000000000
2025.776520000	64.340230000	2.642550000	1.928770000	0.467412121	1605.754000000	0.189180000	1.000000000
2025.928900000	62.831030000	2.272770000	1.936860000	0.462509091	1583.705000000	0.085770000	1.000000000
2026.081280000	60.880900000	1.650380000	1.928300000	0.467696970	1591.765000000	0.000000000	0.000000000
2026.233660000	59.222530000	1.779930000	1.933010000	0.464842424	1620.556000000	0.000000000	0.000000000
2026.386050000	55.984380000	1.942830000	1.912950000	0.477000000	1629.120000000	0.000000000	0.000000000
2026.538430000	55.952320000	2.286990000	1.900760000	0.484387879	1629.120000000	0.000000000	0.000000000
2026.690810000	57.408280000	2.166540000	1.888650000	0.491727273	1634.552000000	0.000000000	0.000000000
2026.843190000	60.694000000	1.915610000	1.902280000	0.483466667	1631.332000000	0.000000000	0.000000000
2026.995570000	60.302440000	1.986280000	1.914710000	0.475933333	1634.194000000	0.000000000	0.000000000
2027.147950000	57.885170000	1.950950000	1.915470000	0.475472727	1641.968000000	0.000000000	0.000000000
2027.300330000	57.351450000	2.319770000	1.913400000	0.476727273	1649.457000000	0.000000000	0.000000000
2027.452710000	54.947680000	2.756900000	1.904580000	0.482072727	1657.935000000	0.200940000	1.000000000
2027.605090000	56.852870000	2.528690000	1.904260000	0.482266667	1659.389000000	0.244410000	1.000000000
2027.757470000	57.623580000	2.399690000	1.902170000	0.483533333	1661.328000000	0.169210000	1.000000000
2027.909850000	59.738830000	2.642910000	1.906070000	0.481169697	1660.686000000	0.179180000	1.000000000
2028.062230000	58.376500000	2.572070000	1.916320000	0.474957576	1660.829000000	0.216230000	1.000000000
2028.214610000	59.829410000	1.782260000	1.927030000	0.468466667	1670.536000000	0.137920000	0.000000000
2028.366990000	60.104980000	1.888750000	1.935820000	0.463139394	1686.543000000	0.000000000	0.000000000
2028.519370000	60.971720000	1.829480000	1.934000000	0.464242424	1682.694000000	0.000000000	0.000000000
2028.671750000	58.422500000	1.975340000	1.937160000	0.462327273	1680.502000000	0.000000000	0.000000000
2028.824130000	57.253070000	1.718600000	1.935130000	0.463557576	1682.434000000	0.000000000	0.000000000
2028.976510000	56.544790000	1.723990000	1.933330000	0.464648485	1677.627000000	0.000000000	0.000000000
2029.128890000	56.228570000	1.610400000	1.919130000	0.473254545	1687.816000000	0.000000000	0.000000000
2029.281270000	56.973680000	1.863890000	1.917490000	0.474248485	1680.277000000	0.000000000	0.000000000
2029.433650000	57.762430000	1.733600000	1.915930000	0.475193939	1670.778000000	0.000000000	0.000000000
2029.586030000	60.216240000	1.546200000	1.919380000	0.473103030	1671.028000000	0.000000000	0.000000000
2029.738410000	59.663230000	1.948570000	1.913790000	0.476490909	1682.712000000	0.000000000	0.000000000
2029.890790000	59.352200000	2.633210000	1.906380000	0.480981818	1686.836000000	0.000000000	0.000000000
2030.043180000	59.447560000	2.645420000	1.906510000	0.480903030	1696.967000000	0.208760000	1.000000000
2030.195560000	59.594210000	3.615120000	1.902120000	0.483563636	1724.400000000	0.259430000	1.000000000
2030.347940000	60.436210000	3.904560000	1.901450000	0.483969697	1714.313000000	0.330200000	1.000000000
2030.500320000	57.751250000	3.633400000	1.895950000	0.487303030	1703.484000000	0.343350000	1.000000000
2030.652700000	57.874680000	3.514370000	1.895830000	0.487375758	1701.660000000	0.345800000	1.000000000
2030.805080000	58.570300000	3.088930000	1.891690000	0.489884848	1680.640000000	0.335190000	1.000000000
2030.957460000	60.063210000	3.081000000	1.886730000	0.492890909	1681.244000000	0.271490000	1.000000000
2031.109840000	60.348140000	2.756150000	1.901720000	0.483806061	1670.299000000	0.267240000	1.000000000
2031.262220000	60.614590000	2.840070000	1.911450000	0.477909091	1668.176000000	0.260210000	1.000000000
2031.414600000	62.230150000	2.839850000	1.928570000	0.467533333	1673.257000000	0.245070000	1.000000000
2031.566980000	65.747290000	3.159090000	1.922150000	0.471424242	1676.093000000	0.263190000	1.000000000
2031.719360000	65.541620000	2.435740000	1.943500000	0.458484848	1674.337000000	0.282920000	1.000000000
2031.871740000	67.093140000	2.293970000	1.943760000	0.458327273	1668.334000000	0.174950000	1.000000000
2032.024120000	64.676580000	2.461750000	1.950610000	0.454175758	1655.521000000	0.107040000	1.000000000
2032.176500000	64.200750000	2.510180000	1.943250000	0.458636364	1664.785000000	0.145760000	1.000000000
2032.328880000	62.168070000	2.368170000	1.943700000	0.458363636	1681.700000000	0.173070000	1.000000000
2032.481260000	61.510590000	2.414110000	1.940340000	0.460400000	1683.926000000	0.171210000	1.000000000
2032.633640000	61.546460000	2.151720000	1.937020000	0.462412121	1674.033000000	0.186790000	1.000000000
2032.786020000	60.127520000	1.990350000	1.951280000	0.453769697	1666.933000000	0.000000000	0.000000000
2032.938400000	58.375270000	2.195550000	1.958300000	0.449515152	1672.060000000	0.000000000	0.000000000
2033.090780000	58.701380000	2.037020000	1.961170000	0.447775758	1660.675000000	0.000000000	0.000000000
2033.243160000	61.285690000	1.702260000	1.951780000	0.453466667	1660.399000000	0.000000000	0.000000000
2033.395540000	67.763980000	1.912740000	1.956450000	0.450636364	1662.841000000	0.000000000	0.000000000
2033.547920000	68.623520000	1.906230000	1.946850000	0.456454545	1652.872000000	0.000000000	0.000000000
2033.700300000	65.886000000	1.879540000	1.936130000	0.462951515	1671.872000000	0.000000000	0.000000000
2033.852680000	62.342280000	1.869340000	1.929630000	0.466890909	1671.342000000	0.000000000	0.000000000
2034.005060000	59.573420000	1.714350000	1.934540000	0.463915152	1679.281000000	0.000000000	0.000000000
2034.157440000	59.211440000	1.651010000	1.956520000	0.450593939	1683.722000000	0.000000000	0.000000000
2034.309820000	58.746150000	1.738380000	1.956490000	0.450612121	1673.453000000	0.000000000	0.000000000
2034.462200000	63.880070000	1.642680000	1.967720000	0.443806061	1649.740000000	0.000000000	0.000000000
2034.614580000	66.486240000	1.551030000	1.965150000	0.445363636	1647.722000000	0.000000000	0.000000000
2034.766960000	67.256270000	1.556890000	1.981980000	0.435163636	1649.950000000	0.000000000	0.000000000
2034.919340000	63.605200000	1.611730000	1.984640000	0.433551515	1669.352000000	0.000000000	0.000000000
2035.071720000	63.318300000	1.620660000	1.992820000	0.428593939	1668.770000000	0.000000000	0.000000000
2035.224100000	63.393930000	1.749410000	1.993400000	0.428242424	1666.468000000	0.000000000	0.000000000
2035.376480000	64.133380000	1.555870000	1.987300000	0.431939394	1662.789000000	0.000000000	0.000000000
2035.528860000	62.790340000	1.611810000	1.975120000	0.439321212	1661.193000000	0.000000000	0.000000000
2035.681240000	62.091880000	1.635000000	1.962760000	0.446812121	1655.390000000	0.000000000	0.000000000
2035.833620000	61.732500000	1.641180000	1.958440000	0.449430303	1653.830000000	0.000000000	0.000000000
2035.986000000	62.406650000	1.533680000	1.955270000	0.451351515	1661.848000000	0.000000000	0.000000000
2036.138380000	62.880400000	1.604610000	1.949620000	0.454775758	1662.836000000	0.000000000	0.000000000
2036.290760000	64.437480000	1.521970000	1.943480000	0.458496970	1663.868000000	0.000000000	0.000000000
2036.443140000	65.585950000	1.525080000	1.942630000	0.459012121	1664.510000000	0.000000000	0.000000000
2036.595520000	65.443730000	1.702200000	1.938540000	0.461490909	1656.822000000	0.000000000	0.000000000
2036.747900000	64.019600000	1.611840000	1.946420000	0.456715152	1658.734000000	0.000000000	0.000000000
2036.900280000	62.099110000	1.505690000	1.943170000	0.458684848	1660.108000000	0.000000000	0.000000000
2037.052660000	61.710140000	1.521800000	1.951660000	0.453539394	1648.810000000	0.000000000	0.000000000
2037.205040000	60.894230000	1.495020000	1.947900000	0.455818182	1645.064000000	0.000000000	0.000000000
2037.357420000	61.495430000	1.533200000	1.944130000	0.458103030	1652.242000000	0.000000000	0.000000000
2037.509800000	62.933140000	1.556190000	1.952420000	0.453078788	1643.892000000	0.000000000	0.000000000
2037.662180000	62.767220000	1.486360000	1.952980000	0.452739394	1642.947000000	0.000000000	0.000000000
2037.814560000	65.785720000	1.601180000	1.959680000	0.448678788	1645.834000000	0.000000000	0.000000000
2037.966940000	63.972630000	1.595540000	1.947530000	0.456042424	1661.721000000	0.000000000	0.000000000
2038.119320000	64.881810000	1.393450000	1.941480000	0.459709091	1663.663000000	0.000000000	0.000000000
2038.271700000	61.348980000	1.519270000	1.933700000	0.464424242	1652.797000000	0.000000000	0.000000000
2038.424080000	63.489930000	1.434310000	1.926390000	0.468854545	1642.024000000	0.000000000	0.000000000
2038.576460000	62.898600000	1.523600000	1.934740000	0.463793939	1648.548000000	0.000000000	0.000000000
2038.728830000	62.822500000	1.516190000	1.932330000	0.465254545	1639.201000000	0.000000000	0.000000000
2038.881210000	60.911030000	1.606000000	1.933280000	0.464678788	1644.326000000	0.000000000	0.000000000
2039.033590000	59.532200000	1.683510000	1.932380000	0.465224242	1648.676000000	0.000000000	0.000000000
2039.185970000	57.705490000	1.614360000	1.950080000	0.454496970	1648.508000000	0.000000000	0.000000000
2039.338350000	57.347810000	1.656840000	1.968900000	0.443090909	1649.743000000	0.000000000	0.000000000
2039.490730000	59.197510000	1.703150000	1.971520000	0.441503030	1650.539000000	0.000000000	0.000000000
2039.643110000	61.264800000	1.544720000	1.983860000	0.434024242	1648.718000000	0.000000000	0.000000000
2039.795490000	62.224470000	1.705730000	2.007800000	0.419515152	1700.565000000	0.000000000	0.000000000
2039.947870000	62.532700000	2.645280000	2.066810000	0.383751515	1835.824000000	0.000000000	0.000000000
2040.100250000	64.329940000	3.523940000	2.131100000	0.344787879	1898.203000000	0.000000000	0.000000000
2040.252630000	63.347010000	3.563400000	2.178180000	0.316254545	2017.551000000	0.098450000	1.000000000
2040.405010000	63.350320000	3.614850000	2.195900000	0.305515152	2080.880000000	0.000000000	1.000000000
2040.557390000	62.844200000	9.443210000	2.194930000	0.306103030	2168.799000000	0.000000000	1.000000000
2040.709770000	62.653190000	9.533380000	2.199820000	0.303139394	2211.741000000	0.050620000	1.000000000
2040.862150000	63.342750000	3.319470000	2.179250000	0.315606061	2162.760000000	0.274260000	1.000000000
2041.014530000	63.304530000	3.474710000	2.153230000	0.331375758	2109.617000000	0.000000000	1.000000000
2041.166910000	64.949520000	3.158210000	2.116800000	0.353454545	2023.003000000	0.000000000	1.000000000
2041.319290000	63.282850000	2.909810000	2.076120000	0.378109091	1936.012000000	0.005740000	1.000000000
2041.471670000	64.274760000	3.179680000	2.028980000	0.406678788	1813.501000000	0.100560000	1.000000000
2041.624050000	64.056390000	2.038460000	1.985980000	0.432739394	1725.082000000	0.000000000	1.000000000
2041.776430000	65.212680000	2.214840000	1.963810000	0.446175758	1645.102000000	0.000000000	0.000000000
2041.928810000	67.149120000	2.142730000	1.949330000	0.454951515	1647.373000000	0.000000000	0.000000000
2042.081190000	67.225710000	2.073420000	1.942790000	0.458915152	1643.018000000	0.000000000	0.000000000
2042.233570000	67.828520000	2.004930000	1.942110000	0.459327273	1631.971000000	0.000000000	0.000000000
2042.385940000	64.009010000	2.026330000	1.934960000	0.463660606	1652.506000000	0.000000000	0.000000000
2042.538320000	62.959580000	1.973410000	1.940800000	0.460121212	1647.295000000	0.000000000	0.000000000
2042.690700000	60.995920000	2.102110000	1.934980000	0.463648485	1657.431000000	0.000000000	0.000000000
2042.843080000	60.246550000	1.987590000	1.933300000	0.464666667	1646.272000000	0.000000000	0.000000000
2042.995460000	59.909130000	2.026000000	1.919330000	0.473133333	1639.505000000	0.000000000	0.000000000
2043.147840000	61.979140000	1.995720000	1.907180000	0.480496970	1621.785000000	0.000000000	0.000000000
2043.300220000	62.115370000	1.929880000	1.907830000	0.480103030	1630.441000000	0.000000000	0.000000000
2043.452600000	62.837370000	1.890450000	1.911000000	0.478181818	1624.984000000	0.000000000	0.000000000
2043.604980000	62.452770000	1.842710000	1.921970000	0.471533333	1613.705000000	0.000000000	0.000000000
2043.757360000	62.825040000	1.765440000	1.925110000	0.469630303	1642.919000000	0.000000000	0.000000000
2043.909740000	62.189630000	1.831940000	1.934040000	0.464218182	1648.638000000	0.000000000	0.000000000
2044.062120000	60.830160000	1.674210000	1.949210000	0.455024242	1646.576000000	0.000000000	0.000000000
2044.214500000	62.301470000	1.713530000	1.959550000	0.448757576	1647.887000000	0.000000000	0.000000000
2044.366880000	64.554050000	1.604830000	1.966650000	0.444454545	1648.652000000	0.000000000	0.000000000
2044.519260000	67.625070000	1.673580000	1.982480000	0.434860606	1654.113000000	0.000000000	0.000000000
2044.671630000	69.460110000	1.724730000	1.987910000	0.431569697	1663.573000000	0.000000000	0.000000000
2044.824010000	68.029000000	1.667110000	2.000760000	0.423781818	1655.634000000	0.000000000	0.000000000
2044.976390000	66.310520000	1.625340000	1.986960000	0.432145455	1652.961000000	0.000000000	0.000000000
2045.128770000	61.651560000	1.619870000	1.983310000	0.434357576	1651.483000000	0.000000000	0.000000000
2045.281150000	62.949120000	1.595670000	1.966890000	0.444309091	1652.371000000	0.000000000	0.000000000
2045.433530000	63.360480000	1.723870000	1.969440000	0.442763636	1651.031000000	0.000000000	0.000000000
2045.585910000	66.829370000	1.659100000	1.972080000	0.441163636	1655.875000000	0.000000000	0.000000000
2045.738290000	68.575520000	1.786100000	1.987240000	0.431975758	1645.639000000	0.000000000	0.000000000
2045.890670000	74.005090000	1.548650000	1.979940000	0.436400000	1649.690000000	0.000000000	0.000000000
2046.043050000	72.836220000	1.689350000	1.984640000	0.433551515	1642.593000000	0.000000000	0.000000000
2046.195430000	72.593560000	1.780350000	1.981320000	0.435563636	1654.674000000	0.000000000	0.000000000
2046.347810000	65.806590000	1.891500000	1.989060000	0.430872727	1663.521000000	0.000000000	0.000000000
2046.500190000	65.933590000	1.858790000	1.978220000	0.437442424	1666.369000000	0.000000000	0.000000000
2046.652560000	64.602240000	1.839070000	1.963010000	0.446660606	1668.651000000	0.000000000	0.000000000
2046.804940000	66.070880000	1.655060000	1.969550000	0.442696970	1670.460000000	0.000000000	0.000000000
2046.957320000	66.125670000	1.864530000	1.970870000	0.441896970	1652.848000000	0.000000000	0.000000000
2047.109700000	66.111380000	1.593640000	1.972890000	0.440672727	1654.409000000	0.000000000	0.000000000
2047.262080000	66.890510000	1.624930000	1.961390000	0.447642424	1656.775000000	0.000000000	0.000000000
2047.414460000	67.533000000	1.620760000	1.948260000	0.455600000	1657.285000000	0.000000000	0.000000000
2047.566840000	71.197810000	1.675350000	1.946830000	0.456466667	1655.655000000	0.000000000	0.000000000
2047.719220000	71.149200000	1.616790000	1.950790000	0.454066667	1661.476000000	0.000000000	0.000000000
2047.871600000	70.885260000	1.637490000	1.985800000	0.432848485	1666.887000000	0.000000000	0.000000000
2048.023980000	66.945340000	1.486370000	2.009550000	0.418454545	1676.037000000	0.000000000	0.000000000
2048.176360000	66.286970000	1.599460000	2.006660000	0.420206061	1682.042000000	0.000000000	0.000000000
2048.328730000	65.462710000	1.804220000	1.981390000	0.435521212	1680.697000000	0.000000000	0.000000000
2048.481110000	65.651900000	1.633950000	1.983360000	0.434327273	1673.204000000	0.000000000	0.000000000
2048.633490000	64.563580000	1.611790000	1.970280000	0.442254545	1665.909000000	0.000000000	0.000000000
2048.785870000	67.127550000	1.549140000	1.982780000	0.434678788	1659.747000000	0.000000000	0.000000000
2048.938250000	65.198750000	1.703700000	1.978560000	0.437236364	1653.945000000	0.000000000	0.000000000
2049.090630000	64.441320000	1.705160000	1.994660000	0.427478788	1652.070000000	0.000000000	0.000000000
2049.243010000	63.270630000	1.642700000	1.994320000	0.427684848	1662.530000000	0.000000000	0.000000000
2049.395390000	64.734830000	1.624850000	1.981640000	0.435369697	1662.017000000	0.000000000	0.000000000
2049.547770000	66.121860000	1.617330000	1.982330000	0.434951515	1661.124000000	0.000000000	0.000000000
2049.700150000	63.991500000	1.643690000	2.004210000	0.421690909	1660.540000000	0.000000000	0.000000000
2049.852520000	65.950970000	1.653660000	2.003390000	0.422187879	1650.783000000	0.000000000	0.000000000
2050.004900000	65.821950000	1.651660000	2.002370000	0.422806061	1654.327000000	0.000000000	0.000000000
2050.157280000	68.892870000	1.732020000	1.977330000	0.437981818	1653.517000000	0.000000000	0.000000000
2050.309660000	67.255390000	1.682530000	1.987940000	0.431551515	1654.707000000	0.000000000	0.000000000
2050.462040000	67.584370000	1.568020000	1.994500000	0.427575758	1638.564000000	0.000000000	0.000000000
2050.614420000	66.000240000	1.626880000	1.998500000	0.425151515	1651.444000000	0.000000000	0.000000000
2050.766800000	65.490750000	1.456530000	1.995790000	0.426793939	1654.170000000	0.000000000	0.000000000
2050.919180000	63.146870000	1.534490000	1.986790000	0.432248485	1651.521000000	0.000000000	0.000000000
2051.071560000	63.826730000	1.417910000	1.984150000	0.433848485	1632.211000000	0.000000000	0.000000000
2051.223930000	63.155450000	1.585850000	1.979750000	0.436515152	1636.250000000	0.000000000	0.000000000
2051.376310000	65.122280000	1.565130000	1.981670000	0.435351515	1629.187000000	0.000000000	0.000000000
2051.528690000	63.587950000	1.573930000	1.971650000	0.441424242	1613.409000000	0.000000000	0.000000000
2051.681070000	64.138820000	1.423960000	1.966120000	0.444775758	1613.145000000	0.000000000	0.000000000
2051.833450000	64.235020000	1.590360000	1.971330000	0.441618182	1612.937000000	0.000000000	0.000000000
2051.985830000	63.131180000	1.669450000	1.987860000	0.431600000	1611.510000000	0.000000000	0.000000000
2052.138210000	62.835800000	1.597020000	1.996230000	0.426527273	1603.189000000	0.000000000	0.000000000
2052.290590000	62.349640000	1.606790000	1.991020000	0.429684848	1590.768000000	0.000000000	0.000000000
2052.442960000	64.912380000	1.507790000	1.979090000	0.436915152	1592.584000000	0.000000000	0.000000000
2052.595340000	66.779660000	1.618660000	1.978070000	0.437533333	1595.808000000	0.000000000	0.000000000
2052.747720000	66.926240000	1.558260000	1.979820000	0.436472727	1606.675000000	0.000000000	0.000000000
2052.900100000	68.907250000	1.663050000	1.997570000	0.425715152	1612.849000000	0.000000000	0.000000000
2053.052480000	67.204550000	1.532940000	2.000120000	0.424169697	1611.749000000	0.000000000	0.000000000
2053.204860000	66.392180000	1.561940000	2.000310000	0.424054545	1630.127000000	0.000000000	0.000000000
2053.357240000	65.161810000	1.489330000	1.998910000	0.424903030	1641.709000000	0.000000000	0.000000000
2053.509620000	67.256260000	1.530910000	2.005910000	0.420660606	1653.864000000	0.000000000	0.000000000
2053.661990000	70.272670000	1.696560000	2.023140000	0.410218182	1682.346000000	0.000000000	0.000000000
2053.814370000	68.683780000	1.835820000	2.033870000	0.403715152	1761.617000000	0.000000000	0.000000000
2053.966750000	67.930420000	1.758260000	2.055850000	0.390393939	1809.424000000	0.000000000	0.000000000
2054.119130000	66.841740000	1.640690000	2.072420000	0.380351515	1827.897000000	0.000000000	0.000000000
2054.271510000	67.649050000	2.559190000	2.075120000	0.378715152	1789.892000000	0.000000000	0.000000000
2054.423890000	66.064630000	2.081270000	2.038160000	0.401115152	1732.373000000	0.000000000	0.000000000
2054.576270000	64.659770000	1.108000000	2.002010000	0.423024242	1682.567000000	0.000000000	0.000000000
2054.728640000	63.577180000	1.210190000	1.975860000	0.438872727	1654.471000000	0.000000000	0.000000000
2054.881020000	63.465770000	1.199280000	1.967550000	0.443909091	1646.007000000	0.000000000	0.000000000
2055.033400000	64.220250000	1.209760000	1.964970000	0.445472727	1646.701000000	0.000000000	0.000000000
2055.185780000	63.438100000	1.278430000	1.966460000	0.444569697	1649.320000000	0.000000000	0.000000000
2055.338160000	63.047790000	1.501050000	1.972180000	0.441103030	1647.958000000	0.000000000	0.000000000
2055.490540000	62.170390000	1.367860000	1.972620000	0.440836364	1651.129000000	0.000000000	0.000000000
2055.642920000	61.052930000	1.524740000	1.972070000	0.441169697	1647.663000000	0.000000000	0.000000000
2055.795290000	61.954030000	1.535510000	1.972750000	0.440757576	1649.227000000	0.000000000	0.000000000
2055.947670000	63.343510000	1.573730000	1.968950000	0.443060606	1647.876000000	0.000000000	0.000000000
2056.100050000	67.114040000	1.538130000	1.978060000	0.437539394	1654.764000000	0.000000000	0.000000000
2056.252430000	67.299630000	1.458140000	1.982600000	0.434787879	1647.825000000	0.000000000	0.000000000
2056.404810000	65.896160000	1.333350000	1.986310000	0.432539394	1644.250000000	0.000000000	0.000000000
2056.557190000	64.361590000	1.383710000	1.972990000	0.440612121	1644.580000000	0.000000000	0.000000000
2056.709560000	63.801460000	1.482520000	1.969570000	0.442684848	1647.025000000	0.000000000	0.000000000
2056.861940000	64.617680000	1.476960000	1.973450000	0.440333333	1647.296000000	0.000000000	0.000000000
2057.014320000	66.653310000	1.475440000	1.962920000	0.446715152	1660.215000000	0.000000000	0.000000000
2057.166700000	68.563880000	1.494650000	1.959260000	0.448933333	1649.913000000	0.000000000	0.000000000
2057.319080000	69.528900000	1.464770000	1.953440000	0.452460606	1623.583000000	0.000000000	0.000000000
2057.471460000	68.151920000	1.511720000	1.966800000	0.444363636	1642.493000000	0.000000000	0.000000000
2057.623830000	66.667720000	1.528950000	1.959620000	0.448715152	1625.739000000	0.000000000	0.000000000
2057.776210000	64.572660000	1.480720000	1.965940000	0.444884848	1628.720000000	0.000000000	0.000000000
2057.928590000	64.032930000	1.416160000	1.958100000	0.449636364	1629.248000000	0.000000000	0.000000000
2058.080970000	65.496320000	1.498840000	1.947830000	0.455860606	1649.612000000	0.000000000	0.000000000
2058.233350000	69.078700000	1.577550000	1.945210000	0.457448485	1642.988000000	0.000000000	0.000000000
2058.385730000	69.721020000	1.525240000	1.953960000	0.452145455	1628.413000000	0.000000000	0.000000000
2058.538100000	69.084660000	1.556590000	1.970930000	0.441860606	1629.423000000	0.000000000	0.000000000
2058.690480000	67.974890000	1.645450000	1.963630000	0.446284848	1630.732000000	0.000000000	0.000000000
2058.842860000	68.295760000	1.669370000	1.964960000	0.445478788	1632.829000000	0.000000000	0.000000000
2058.995240000	70.410710000	1.723710000	1.950960000	0.453963636	1644.310000000	0.000000000	0.000000000
2059.147620000	72.108840000	1.628820000	1.973790000	0.440127273	1628.183000000	0.000000000	0.000000000
2059.300000000	71.012600000	1.798380000	1.979860000	0.436448485	1628.922000000	0.000000000	0.000000000
2059.452370000	67.921120000	1.717290000	1.995760000	0.426812121	1629.279000000	0.000000000	0.000000000
2059.604750000	65.535740000	1.724600000	1.986770000	0.432260606	1631.942000000	0.000000000	0.000000000
2059.757130000	65.045050000	1.628490000	1.983680000	0.434133333	1644.045000000	0.000000000	0.000000000
2059.909510000	64.253290000	1.773780000	1.999620000	0.424472727	1700.521000000	0.000000000	0.000000000
2060.061890000	63.840930000	1.826290000	2.036800000	0.401939394	1798.203000000	0.000000000	0.000000000
2060.214270000	64.519340000	3.407390000	2.100820000	0.363139394	1894.160000000	0.000000000	0.000000000
2060.366640000	65.404300000	9.486720000	2.122390000	0.350066667	1883.765000000	0.191680000	1.000000000
2060.519020000	66.632560000	1.937190000	2.099370000	0.364018182	1805.564000000	0.313070000	1.000000000
2060.671400000	67.646870000	1.608260000	2.041280000	0.399224242	1681.027000000	0.000000000	0.000000000
2060.823780000	71.679670000	1.474660000	2.011970000	0.416987879	1653.018000000	0.000000000	0.000000000
2060.976160000	71.695860000	1.395870000	1.992980000	0.428496970	1643.062000000	0.000000000	0.000000000
2061.128530000	69.744620000	1.336760000	1.990200000	0.430181818	1651.952000000	0.000000000	0.000000000
2061.280910000	64.640450000	1.498720000	1.982340000	0.434945455	1648.409000000	0.000000000	0.000000000
2061.433290000	64.480490000	1.469840000	1.993030000	0.428466667	1649.308000000	0.000000000	0.000000000
2061.585670000	66.374080000	1.399940000	1.989570000	0.430563636	1647.988000000	0.000000000	0.000000000
2061.738050000	70.594070000	1.291730000	1.985540000	0.433006061	1646.033000000	0.000000000	0.000000000
2061.890420000	69.747440000	1.430170000	1.971170000	0.441715152	1644.170000000	0.000000000	0.000000000
2062.042800000	70.597410000	1.416300000	1.971000000	0.441818182	1639.483000000	0.000000000	0.000000000
2062.195180000	68.205390000	1.402640000	1.976830000	0.438284848	1635.170000000	0.000000000	0.000000000
2062.347560000	68.588000000	1.601970000	1.979450000	0.436696970	1637.678000000	0.000000000	0.000000000
2062.499940000	68.655810000	1.805270000	1.979820000	0.436472727	1638.216000000	0.000000000	0.000000000
2062.652310000	71.224270000	1.204730000	1.982320000	0.434957576	1644.391000000	0.000000000	0.000000000
2062.804690000	71.969510000	2.226410000	1.982050000	0.435121212	1652.329000000	0.000000000	0.000000000
2062.957070000	69.518470000	1.769600000	1.986200000	0.432606061	1658.020000000	0.000000000	0.000000000
2063.109450000	66.597410000	1.376380000	1.989190000	0.430793939	1649.403000000	0.000000000	0.000000000
2063.261830000	64.842260000	1.422410000	1.990240000	0.430157576	1658.968000000	0.000000000	0.000000000
2063.414200000	67.122650000	1.441140000	1.991680000	0.429284848	1664.872000000	0.000000000	0.000000000
2063.566580000	67.908060000	1.511040000	1.989880000	0.430375758	1668.106000000	0.000000000	0.000000000
2063.718960000	71.173610000	1.491400000	1.989820000	0.430412121	1663.956000000	0.000000000	0.000000000
2063.871340000	72.118330000	1.494230000	1.982380000	0.434921212	1665.779000000	0.000000000	0.000000000
2064.023720000	71.817350000	1.493890000	1.973180000	0.440496970	1653.828000000	0.000000000	0.000000000
2064.176090000	71.203570000	1.503220000	1.980760000	0.435903030	1652.589000000	0.000000000	0.000000000
2064.328470000	70.655400000	1.468700000	1.982100000	0.435090909	1654.762000000	0.000000000	0.000000000
2064.480850000	71.679890000	1.522720000	1.996070000	0.426624242	1654.590000000	0.000000000	0.000000000
2064.633230000	70.834320000	1.470560000	1.996450000	0.426393939	1650.948000000	0.000000000	0.000000000
2064.785610000	70.315940000	1.578210000	1.992880000	0.428557576	1650.904000000	0.000000000	0.000000000
2064.937980000	71.986880000	1.446090000	1.985180000	0.433224242	1633.637000000	0.000000000	0.000000000
2065.090360000	71.868480000	1.669620000	1.969760000	0.442569697	1632.842000000	0.000000000	0.000000000
2065.242740000	69.936170000	1.564760000	1.973120000	0.440533333	1643.773000000	0.000000000	0.000000000
2065.395120000	67.707050000	1.550200000	1.985420000	0.433078788	1652.449000000	0.000000000	0.000000000
2065.547490000	67.285020000	1.543460000	1.992110000	0.429024242	1657.763000000	0.000000000	0.000000000
2065.699870000	69.695980000	1.515570000	1.995090000	0.427218182	1655.934000000	0.000000000	0.000000000
2065.852250000	71.697940000	1.514580000	1.985630000	0.432951515	1646.723000000	0.000000000	0.000000000
2066.004630000	71.498970000	1.546780000	1.999180000	0.424739394	1645.384000000	0.000000000	0.000000000
2066.157010000	70.192700000	1.625960000	2.001680000	0.423224242	1637.423000000	0.000000000	0.000000000
2066.309380000	67.679440000	1.520760000	2.009970000	0.418200000	1659.633000000	0.000000000	0.000000000
2066.461760000	68.217250000	1.392940000	2.008830000	0.418890909	1688.544000000	0.000000000	0.000000000
2066.614140000	69.273600000	1.432730000	2.011340000	0.417369697	1692.794000000	0.000000000	0.000000000
2066.766520000	68.839870000	1.823390000	1.921070000	0.472078788	1668.503000000	0.000000000	0.000000000
2066.918890000	64.919920000	1.528830000	1.615740000	0.657127273	1598.980000000	0.000000000	0.000000000
2067.071270000	55.822030000	1.041420000	1.374890000	0.803096970	1541.466000000	0.000000000	0.000000000
2067.985540000	41.083100000	0.875930000	1.331990000	0.829096970	1599.486000000	0.000000000	0.000000000
2068.137920000	47.295330000	0.995890000	1.516820000	0.717078788	1599.950000000	0.000000000	0.000000000
2068.290290000	52.121570000	1.109260000	1.692090000	0.610854545	1630.739000000	0.000000000	0.000000000
2068.442670000	60.098320000	1.105410000	1.833910000	0.524903030	1659.760000000	0.000000000	0.000000000
2068.595050000	65.299480000	1.398640000	1.960480000	0.448193939	1681.197000000	0.000000000	0.000000000
2068.747430000	68.959190000	2.147060000	2.084800000	0.372848485	1667.204000000	0.000000000	0.000000000
2068.899800000	70.851190000	2.859060000	1.938970000	0.461230303	1647.661000000	0.000000000	0.000000000
2069.052180000	66.451190000	1.786490000	1.646700000	0.638363636	1605.626000000	0.000000000	0.000000000
2069.204560000	57.366030000	1.299140000	1.454140000	0.755066667	1588.878000000	0.000000000	0.000000000
2069.356940000	47.341850000	1.333810000	1.431190000	0.768975758	1569.188000000	0.000000000	0.000000000
