2398.131040000	77.525600000	1.586830000	1.959140000	0.449006061	1751.178000000	0.000000000	0.000000000
2398.283430000	75.872920000	1.639410000	1.961340000	0.447672727	1749.604000000	0.000000000	0.000000000
2398.435830000	76.905720000	1.512450000	1.979440000	0.436703030	1749.355000000	0.000000000	0.000000000
2398.588230000	77.325960000	1.521330000	1.949660000	0.454751515	1748.620000000	0.000000000	0.000000000
2398.740620000	77.220820000	1.594460000	1.951740000	0.453490909	1746.314000000	0.000000000	0.000000000
2398.893020000	75.704900000	1.535700000	1.935980000	0.463042424	1744.344000000	0.000000000	0.000000000
2399.045420000	74.670720000	1.488880000	1.946630000	0.456587879	1743.596000000	0.000000000	0.000000000
2399.197810000	73.787620000	1.603880000	1.939390000	0.460975758	1748.102000000	0.000000000	0.000000000
2399.350210000	76.376590000	1.542710000	1.935810000	0.463145455	1750.642000000	0.000000000	0.000000000
2399.502610000	76.563550000	1.541380000	1.963630000	0.446284848	1751.955000000	0.000000000	0.000000000
2399.655000000	77.729780000	1.602740000	1.964500000	0.445757576	1755.132000000	0.000000000	0.000000000
2399.807400000	75.500400000	1.623850000	1.980080000	0.436315152	1754.555000000	0.000000000	0.000000000
2399.959800000	75.338680000	2.036330000	1.950300000	0.454363636	1754.064000000	0.000000000	0.000000000
2400.112190000	76.708110000	1.922080000	1.945880000	0.457042424	1750.902000000	0.000000000	0.000000000
2400.264590000	76.290860000	1.702200000	1.934750000	0.463787879	1755.295000000	0.000000000	0.000000000
2400.416990000	77.035740000	1.793370000	1.931160000	0.465963636	1747.238000000	0.000000000	0.000000000
2400.569380000	74.713780000	1.692260000	1.937810000	0.461933333	1743.539000000	0.000000000	0.000000000
2400.721780000	73.961410000	1.557010000	1.921200000	0.472000000	1741.801000000	0.000000000	0.000000000
2400.874180000	74.837560000	1.463350000	1.929290000	0.467096970	1743.015000000	0.000000000	0.000000000
2401.026570000	76.600070000	1.476160000	1.930250000	0.466515152	1738.107000000	0.000000000	0.000000000
2401.178970000	77.383840000	1.570240000	1.932620000	0.465078788	1730.718000000	0.000000000	0.000000000
2401.331370000	77.300740000	1.444580000	1.920850000	0.472212121	1727.635000000	0.000000000	0.000000000
2401.483760000	78.258060000	1.441720000	1.918500000	0.473636364	1726.758000000	0.000000000	0.000000000
2401.636160000	78.269020000	1.359160000	1.928660000	0.467478788	1722.937000000	0.000000000	0.000000000
2401.788560000	77.062930000	1.435740000	1.930900000	0.466121212	1721.573000000	0.000000000	0.000000000
2401.940950000	75.373180000	1.433780000	1.922790000	0.471036364	1719.800000000	0.000000000	0.000000000
2402.093350000	74.665700000	1.430750000	1.887380000	0.492496970	1723.677000000	0.000000000	0.000000000
2402.245750000	74.211370000	1.410340000	1.876640000	0.499006061	1725.965000000	0.000000000	0.000000000
2402.398140000	74.904190000	1.541420000	1.883390000	0.494915152	1728.007000000	0.000000000	0.000000000
2402.550540000	76.289680000	1.685990000	1.905160000	0.481721212	1740.282000000	0.000000000	0.000000000
2402.702940000	78.158620000	1.442840000	1.924360000	0.470084848	1759.623000000	0.000000000	0.000000000
2402.855330000	76.976490000	1.601920000	1.938270000	0.461654545	1758.665000000	0.000000000	0.000000000
2403.007730000	74.796750000	1.697010000	1.942570000	0.459048485	1762.737000000	0.000000000	0.000000000
2403.160130000	71.732860000	1.619100000	1.950140000	0.454460606	1759.926000000	0.000000000	0.000000000
2403.312520000	70.730140000	1.542360000	1.956220000	0.450775758	1763.615000000	0.000000000	0.000000000
2403.464920000	72.755920000	1.530400000	1.954640000	0.451733333	1761.060000000	0.000000000	0.000000000
2403.617320000	73.375420000	1.540790000	1.946530000	0.456648485	1758.324000000	0.000000000	0.000000000
2403.769710000	72.415300000	1.565770000	1.928400000	0.467636364	1757.694000000	0.000000000	0.000000000
2403.922110000	71.575260000	1.590450000	1.941940000	0.459430303	1764.594000000	0.000000000	0.000000000
2404.074510000	73.492430000	1.570510000	1.938300000	0.461636364	1762.818000000	0.000000000	0.000000000
2404.226900000	76.433790000	1.548550000	1.944000000	0.458181818	1763.646000000	0.000000000	0.000000000
2404.379300000	78.704700000	1.730610000	1.927740000	0.468036364	1768.988000000	0.000000000	0.000000000
2404.531700000	78.924320000	1.607040000	1.917800000	0.474060606	1770.752000000	0.000000000	0.000000000
2404.684090000	78.175420000	1.639530000	1.918510000	0.473630303	1766.520000000	0.000000000	0.000000000
2404.836490000	78.056920000	1.750780000	1.930230000	0.466527273	1761.165000000	0.000000000	0.000000000
2404.988890000	77.417750000	1.634770000	1.940350000	0.460393939	1752.855000000	0.000000000	0.000000000
2405.141280000	76.729190000	1.634410000	1.924210000	0.470175758	1749.516000000	0.000000000	0.000000000
2405.293680000	75.886490000	1.578730000	1.922460000	0.471236364	1752.344000000	0.000000000	0.000000000
2405.446080000	74.237960000	1.689840000	1.913290000	0.476793939	1760.063000000	0.000000000	0.000000000
2405.598470000	74.974200000	1.626120000	1.922200000	0.471393939	1755.432000000	0.000000000	0.000000000
2405.750870000	74.049160000	1.653350000	1.917020000	0.474533333	1766.612000000	0.000000000	0.000000000
2405.903270000	77.291100000	1.821350000	1.933710000	0.464418182	1772.646000000	0.000000000	0.000000000
2406.055660000	78.876070000	1.751080000	1.952410000	0.453084848	1772.219000000	0.000000000	0.000000000
2406.208060000	82.007300000	1.610300000	1.958080000	0.449648485	1772.768000000	0.000000000	0.000000000
2406.360460000	82.660100000	1.655600000	1.944720000	0.457745455	1760.701000000	0.000000000	0.000000000
2406.512850000	83.816280000	1.631830000	1.935400000	0.463393939	1757.269000000	0.000000000	0.000000000
2406.665250000	80.831810000	1.539020000	1.943970000	0.458200000	1748.898000000	0.000000000	0.000000000
2406.817650000	77.379140000	1.583950000	1.955130000	0.451436364	1752.491000000	0.000000000	0.000000000
2406.970040000	75.059100000	1.476960000	1.959340000	0.448884848	1742.751000000	0.000000000	0.000000000
2407.122440000	75.908130000	1.618980000	1.934660000	0.463842424	1743.386000000	0.000000000	0.000000000
2407.274840000	78.339070000	1.499930000	1.925240000	0.469551515	1751.441000000	0.000000000	0.000000000
2407.427230000	78.282930000	1.521290000	1.909280000	0.479224242	1750.934000000	0.000000000	0.000000000
2407.579630000	77.141250000	1.598330000	1.923150000	0.470818182	1749.914000000	0.000000000	0.000000000
2407.732030000	76.126620000	1.901950000	1.932030000	0.465436364	1757.430000000	0.000000000	0.000000000
2407.884420000	75.886310000	1.545880000	1.940330000	0.460406061	1757.431000000	0.000000000	0.000000000
2408.036820000	75.571450000	1.742840000	1.948710000	0.455327273	1753.926000000	0.000000000	0.000000000
2408.189220000	74.701030000	1.525690000	1.946880000	0.456436364	1753.062000000	0.000000000	0.000000000
2408.341610000	75.409740000	1.509280000	1.954860000	0.451600000	1747.701000000	0.000000000	0.000000000
2408.494010000	75.862660000	1.519830000	1.959630000	0.448709091	1754.440000000	0.000000000	0.000000000
2408.646410000	76.655200000	1.565610000	1.949300000	0.454969697	1754.231000000	0.000000000	0.000000000
2408.798800000	75.317310000	1.569820000	1.947580000	0.456012121	1752.579000000	0.000000000	0.000000000
2408.951200000	75.495970000	2.200560000	1.939360000	0.460993939	1754.012000000	0.000000000	0.000000000
2409.103600000	74.405580000	2.097400000	1.954080000	0.452072727	1754.211000000	0.000000000	0.000000000
2409.255990000	76.872270000	1.921580000	1.957640000	0.449915152	1755.573000000	0.000000000	0.000000000
2409.408390000	76.119540000	1.596600000	1.971530000	0.441496970	1756.960000000	0.000000000	0.000000000
2409.560790000	76.608020000	1.596800000	1.967710000	0.443812121	1757.621000000	0.000000000	0.000000000
2409.713180000	77.586450000	1.559870000	1.958500000	0.449393939	1763.832000000	0.000000000	0.000000000
2409.865580000	79.378280000	1.610610000	1.945890000	0.457036364	1750.874000000	0.000000000	0.000000000
2410.017980000	83.152300000	1.543030000	1.950210000	0.454418182	1757.535000000	0.000000000	0.000000000
2410.170370000	81.099340000	1.563690000	1.955820000	0.451018182	1760.344000000	0.000000000	0.000000000
2410.322770000	81.268520000	1.522320000	1.961190000	0.447763636	1749.056000000	0.000000000	0.000000000
2410.475170000	77.343860000	1.604860000	1.969840000	0.442521212	1755.569000000	0.000000000	0.000000000
2410.627560000	75.856780000	1.551040000	1.971280000	0.441648485	1756.318000000	0.000000000	0.000000000
2410.779960000	71.988670000	1.532760000	1.970350000	0.442212121	1755.324000000	0.000000000	0.000000000
2410.932360000	71.739820000	1.596210000	1.965370000	0.445230303	1750.592000000	0.000000000	0.000000000
2411.084750000	71.837990000	1.546360000	1.969150000	0.442939394	1748.872000000	0.000000000	0.000000000
2411.237150000	74.618800000	1.540400000	1.963690000	0.446248485	1744.082000000	0.000000000	0.000000000
2411.389550000	74.835760000	1.518070000	1.959770000	0.448624242	1740.529000000	0.000000000	0.000000000
2411.541940000	74.302850000	1.504670000	1.955170000	0.451412121	1737.489000000	0.000000000	0.000000000
2411.694340000	73.178850000	1.478380000	1.958260000	0.449539394	1733.589000000	0.000000000	0.000000000
2411.846740000	74.266950000	1.485200000	1.958400000	0.449454545	1733.619000000	0.000000000	0.000000000
2411.999130000	75.362230000	1.492930000	1.958840000	0.449187879	1736.022000000	0.000000000	0.000000000
2412.151530000	76.315780000	1.414940000	1.956110000	0.450842424	1734.214000000	0.000000000	0.000000000
2412.303930000	77.162890000	1.453000000	1.960040000	0.448460606	1731.384000000	0.000000000	0.000000000
2412.456320000	76.836050000	1.503890000	1.951730000	0.453496970	1732.062000000	0.000000000	0.000000000
2412.608720000	77.549850000	1.450940000	1.948320000	0.455563636	1728.006000000	0.000000000	0.000000000
2412.761120000	76.443670000	1.433910000	1.941260000	0.459842424	1728.579000000	0.000000000	0.000000000
2412.913510000	77.087980000	1.383570000	1.936710000	0.462600000	1732.613000000	0.000000000	0.000000000
2413.065910000	76.822240000	1.385980000	1.932940000	0.464884848	1736.415000000	0.000000000	0.000000000
2413.218310000	74.430160000	1.399510000	1.929230000	0.467133333	1740.452000000	0.000000000	0.000000000
2413.370700000	72.120930000	1.397560000	1.938280000	0.461648485	1744.983000000	0.000000000	0.000000000
2413.523100000	70.032170000	1.493190000	1.935240000	0.463490909	1750.273000000	0.000000000	0.000000000
2413.675490000	70.231040000	1.538500000	1.940430000	0.460345455	1726.923000000	0.000000000	0.000000000
2413.827890000	69.299970000	1.636680000	1.937420000	0.462169697	1760.264000000	0.000000000	0.000000000
2413.980290000	68.321060000	1.432540000	1.943390000	0.458551515	1758.088000000	0.000000000	0.000000000
2414.132680000	66.158460000	1.613890000	1.946630000	0.456587879	1760.962000000	0.000000000	0.000000000
2414.285080000	66.272830000	1.529650000	1.944780000	0.457709091	1760.758000000	0.000000000	0.000000000
2414.437480000	66.806510000	1.528920000	1.944960000	0.457600000	1759.464000000	0.000000000	0.000000000
2414.589870000	69.840610000	1.388540000	1.939670000	0.460806061	1760.612000000	0.000000000	0.000000000
2414.742270000	70.107470000	1.703180000	1.949030000	0.455133333	1763.882000000	0.000000000	0.000000000
2414.894670000	71.577510000	1.606540000	1.945030000	0.457557576	1772.236000000	0.000000000	0.000000000
2415.047060000	71.072400000	1.604670000	1.936240000	0.462884848	1773.463000000	0.000000000	0.000000000
2415.199460000	73.667180000	1.638310000	1.934190000	0.464127273	1774.201000000	0.000000000	0.000000000
2415.351860000	73.276510000	1.599420000	1.934320000	0.464048485	1776.802000000	0.000000000	0.000000000
2415.504250000	72.899700000	1.713620000	1.954440000	0.451854545	1777.191000000	0.000000000	0.000000000
2415.656650000	72.090980000	1.563640000	1.944250000	0.458030303	1776.017000000	0.000000000	0.000000000
2415.809050000	73.780610000	1.582220000	1.952910000	0.452781818	1777.400000000	0.000000000	0.000000000
2415.961440000	76.992400000	1.738870000	1.959180000	0.448981818	1777.925000000	0.000000000	0.000000000
2416.113840000	78.394550000	1.707120000	1.964550000	0.445727273	1777.396000000	0.000000000	0.000000000
2416.266240000	77.853070000	1.557740000	1.973430000	0.440345455	1773.976000000	0.000000000	0.000000000
2416.418630000	76.273540000	1.510010000	1.967990000	0.443642424	1762.554000000	0.000000000	0.000000000
2416.571030000	74.753560000	1.850970000	1.967310000	0.444054545	1765.850000000	0.000000000	0.000000000
2416.723430000	74.898960000	1.610450000	1.945680000	0.457163636	1767.257000000	0.000000000	0.000000000
2416.875820000	75.040630000	1.599190000	1.946840000	0.456460606	1775.628000000	0.000000000	0.000000000
2417.028220000	76.854610000	1.544880000	1.954860000	0.451600000	1775.078000000	0.000000000	0.000000000
2417.180620000	77.574380000	1.544270000	1.970710000	0.441993939	1777.319000000	0.000000000	0.000000000
2417.333010000	77.771690000	1.624600000	1.969320000	0.442836364	1778.936000000	0.000000000	0.000000000
2417.485410000	77.025240000	1.542220000	1.965980000	0.444860606	1778.160000000	0.000000000	0.000000000
2417.637810000	81.191990000	1.651420000	1.973760000	0.440145455	1777.280000000	0.000000000	0.000000000
2417.790200000	84.356860000	1.602540000	1.969610000	0.442660606	1783.626000000	0.000000000	0.000000000
2417.942600000	84.251670000	1.739860000	1.971580000	0.441466667	1785.724000000	0.000000000	0.000000000
2418.095000000	81.643180000	1.556930000	1.972240000	0.441066667	1788.328000000	0.000000000	0.000000000
2418.247390000	82.818570000	1.681000000	1.983810000	0.434054545	1792.280000000	0.000000000	0.000000000
2418.399790000	84.955990000	1.618540000	1.995620000	0.426896970	1800.331000000	0.000000000	0.000000000
2418.552180000	84.741240000	1.623840000	1.990650000	0.429909091	1800.573000000	0.000000000	0.000000000
2418.704580000	83.650730000	1.680870000	2.000210000	0.424115152	1799.138000000	0.000000000	0.000000000
2418.856980000	83.535810000	1.744870000	2.003860000	0.421903030	1800.654000000	0.000000000	0.000000000
2419.009370000	83.096540000	1.814620000	2.000620000	0.423866667	1806.830000000	0.000000000	0.000000000
2419.161770000	82.932610000	1.567790000	1.993770000	0.428018182	1809.185000000	0.000000000	0.000000000
2419.314170000	83.072670000	1.640510000	1.991680000	0.429284848	1809.949000000	0.000000000	0.000000000
2419.466560000	84.437360000	1.654540000	1.993990000	0.427884848	1815.207000000	0.000000000	0.000000000
2419.618960000	84.706110000	1.650610000	1.986900000	0.432181818	1801.966000000	0.000000000	0.000000000
2419.771360000	86.176860000	1.664420000	1.984710000	0.433509091	1795.359000000	0.000000000	0.000000000
2419.923750000	84.436300000	1.760050000	1.984000000	0.433939394	1778.356000000	0.000000000	0.000000000
2420.076150000	83.572490000	1.852830000	1.982030000	0.435133333	1776.436000000	0.000000000	0.000000000
2420.228550000	80.592970000	1.679830000	1.977220000	0.438048485	1777.416000000	0.000000000	0.000000000
2420.380940000	80.563450000	1.942600000	1.976420000	0.438533333	1775.566000000	0.000000000	0.000000000
2420.533340000	79.471930000	1.597490000	1.992260000	0.428933333	1772.693000000	0.000000000	0.000000000
2420.685740000	81.118890000	1.710660000	1.983570000	0.434200000	1779.193000000	0.000000000	0.000000000
2420.838130000	80.270660000	1.609690000	1.975220000	0.439260606	1777.108000000	0.000000000	0.000000000
2420.990530000	79.514280000	1.588790000	1.956720000	0.450472727	1777.191000000	0.000000000	0.000000000
2421.142930000	79.312320000	1.617090000	1.970850000	0.441909091	1775.612000000	0.000000000	0.000000000
2421.295320000	80.232450000	1.666220000	1.981870000	0.435230303	1772.184000000	0.000000000	0.000000000
2421.447720000	80.879300000	1.611570000	1.979670000	0.436563636	1768.257000000	0.000000000	0.000000000
2421.600120000	79.519290000	1.681740000	1.978540000	0.437248485	1768.201000000	0.000000000	0.000000000
2421.752510000	79.504080000	1.608310000	1.970300000	0.442242424	1767.402000000	0.000000000	0.000000000
2421.904910000	79.123940000	1.556650000	1.961510000	0.447569697	1770.873000000	0.000000000	0.000000000
2422.057300000	79.872970000	1.596080000	1.964670000	0.445654545	1774.369000000	0.000000000	0.000000000
2422.209700000	79.264650000	1.603970000	1.972810000	0.440721212	1774.482000000	0.000000000	0.000000000
2422.362100000	77.585300000	1.576690000	1.994130000	0.427800000	1772.041000000	0.000000000	0.000000000
2422.514490000	76.233550000	1.805380000	1.974590000	0.439642424	1779.321000000	0.000000000	0.000000000
2422.666890000	75.562240000	1.851910000	1.989920000	0.430351515	1778.716000000	0.000000000	0.000000000
2422.819290000	76.018670000	1.600530000	1.985690000	0.432915152	1777.820000000	0.000000000	0.000000000
2422.971680000	75.913630000	1.515310000	1.991030000	0.429678788	1774.639000000	0.000000000	0.000000000
2423.124080000	77.489940000	1.671640000	1.973970000	0.440018182	1763.468000000	0.000000000	0.000000000
2423.276480000	79.179780000	1.570380000	1.978220000	0.437442424	1758.459000000	0.000000000	0.000000000
2423.428870000	80.853810000	1.588980000	1.971170000	0.441715152	1756.544000000	0.000000000	0.000000000
2423.581270000	79.720100000	1.580720000	1.971390000	0.441581818	1762.123000000	0.000000000	0.000000000
2423.733670000	78.589950000	1.585630000	1.977300000	0.438000000	1767.949000000	0.000000000	0.000000000
2423.886060000	77.903640000	1.537750000	1.983180000	0.434436364	1769.942000000	0.000000000	0.000000000
2424.038460000	79.991050000	1.526310000	1.987080000	0.432072727	1766.629000000	0.000000000	0.000000000
2424.190860000	80.261630000	1.593320000	1.971850000	0.441303030	1775.264000000	0.000000000	0.000000000
2424.343250000	80.765020000	1.529310000	1.975940000	0.438824242	1769.402000000	0.000000000	0.000000000
2424.495650000	78.051960000	1.447450000	1.971210000	0.441690909	1779.194000000	0.000000000	0.000000000
2424.648040000	77.878500000	1.756330000	1.972180000	0.441103030	1783.245000000	0.000000000	0.000000000
2424.800440000	74.534970000	1.708250000	1.966450000	0.444575758	1783.619000000	0.000000000	0.000000000
2424.952840000	73.675050000	1.637710000	1.974800000	0.439515152	1772.731000000	0.000000000	0.000000000
2425.105230000	70.867040000	1.612790000	1.962300000	0.447090909	1772.368000000	0.000000000	0.000000000
2425.257630000	69.973300000	1.497990000	1.971160000	0.441721212	1769.796000000	0.000000000	0.000000000
2425.410030000	67.198750000	1.542000000	1.953820000	0.452230303	1768.190000000	0.000000000	0.000000000
2425.562420000	63.672250000	1.580090000	1.964890000	0.445521212	1764.953000000	0.000000000	0.000000000
2425.714820000	64.236360000	1.613010000	1.943650000	0.458393939	1756.886000000	0.000000000	0.000000000
2425.867220000	65.990850000	1.553130000	1.947730000	0.455921212	1752.668000000	0.000000000	0.000000000
2426.019610000	71.571230000	1.465830000	1.944550000	0.457848485	1752.759000000	0.000000000	0.000000000
2426.172010000	71.290400000	1.526700000	1.957090000	0.450248485	1752.036000000	0.000000000	0.000000000
2426.324410000	69.953870000	1.447530000	1.949440000	0.454884848	1752.036000000	0.000000000	0.000000000
2426.476800000	67.744830000	1.604070000	1.943350000	0.458575758	1755.214000000	0.000000000	0.000000000
2426.629200000	68.633010000	1.423770000	1.938610000	0.461448485	1781.490000000	0.000000000	0.000000000
2426.781590000	70.087550000	1.549310000	1.940870000	0.460078788	1749.034000000	0.000000000	0.000000000
2426.933990000	70.997940000	2.075660000	1.934730000	0.463800000	1744.224000000	0.000000000	0.000000000
2427.086390000	70.169710000	1.626420000	1.925070000	0.469654545	1719.043000000	0.000000000	0.000000000
2427.238780000	69.997310000	1.692980000	1.938960000	0.461236364	1721.704000000	0.000000000	0.000000000
2427.391180000	72.050060000	1.725340000	1.930610000	0.466296970	1732.090000000	0.000000000	0.000000000
2427.543580000	73.081750000	1.318760000	1.924910000	0.469751515	1736.006000000	0.000000000	0.000000000
2427.695970000	74.405140000	1.811100000	1.919090000	0.473278788	1747.284000000	0.000000000	0.000000000
2427.848370000	75.719960000	1.497070000	1.931080000	0.466012121	1752.830000000	0.000000000	0.000000000
2428.000770000	76.310750000	1.454560000	1.942780000	0.458921212	1754.295000000	0.000000000	0.000000000
2428.153160000	77.813950000	1.674730000	1.947280000	0.456193939	1758.328000000	0.000000000	0.000000000
2428.305560000	77.273170000	1.566050000	1.944870000	0.457654545	1766.599000000	0.000000000	0.000000000
2428.457960000	78.513810000	1.660030000	1.971460000	0.441539394	1769.051000000	0.000000000	0.000000000
2428.610350000	78.901860000	1.455750000	1.981590000	0.435400000	1756.915000000	0.000000000	0.000000000
2428.762750000	78.121440000	1.467420000	1.972540000	0.440884848	1755.306000000	0.000000000	0.000000000
2428.915140000	77.182430000	1.465060000	1.957750000	0.449848485	1758.084000000	0.000000000	0.000000000
2429.067540000	79.825580000	1.393090000	1.939860000	0.460690909	1751.668000000	0.000000000	0.000000000
2429.219940000	81.164540000	1.615640000	1.931500000	0.465757576	1756.461000000	0.000000000	0.000000000
2429.372330000	86.136080000	1.534980000	1.923360000	0.470690909	1760.469000000	0.000000000	0.000000000
2429.524730000	82.651790000	1.562400000	1.907840000	0.480096970	1775.907000000	0.000000000	0.000000000
2429.677130000	82.090460000	1.537910000	1.933610000	0.464478788	1778.551000000	0.000000000	0.000000000
2429.829520000	79.718770000	1.661820000	1.946320000	0.456775758	1779.580000000	0.000000000	0.000000000
2429.981920000	83.147000000	1.703340000	1.961610000	0.447509091	1791.780000000	0.000000000	0.000000000
2430.134320000	82.627130000	1.743870000	1.942640000	0.459006061	1796.632000000	0.000000000	0.000000000
2430.286710000	84.036640000	1.713430000	1.925730000	0.469254545	1796.339000000	0.000000000	0.000000000
2430.439110000	82.606250000	1.782220000	1.928270000	0.467715152	1796.141000000	0.000000000	0.000000000
2430.591500000	86.271990000	1.884380000	1.942990000	0.458793939	1802.521000000	0.000000000	0.000000000
2430.743900000	85.509170000	1.723910000	1.950050000	0.454515152	1816.888000000	0.000000000	0.000000000
2430.896300000	86.105960000	1.712370000	1.952410000	0.453084848	1824.645000000	0.000000000	0.000000000
2431.048690000	82.485930000	1.810830000	1.941910000	0.459448485	1824.973000000	0.000000000	0.000000000
2431.201090000	80.692190000	2.138130000	1.939610000	0.460842424	1822.172000000	0.000000000	0.000000000
2431.353490000	76.854790000	1.696570000	1.932980000	0.464860606	1816.975000000	0.000000000	0.000000000
2431.505880000	77.100690000	1.615420000	1.954180000	0.452012121	1805.577000000	0.000000000	0.000000000
2431.658280000	80.679810000	1.723510000	1.970370000	0.442200000	1791.406000000	0.000000000	0.000000000
2431.810680000	84.493330000	2.189750000	1.977780000	0.437709091	1786.098000000	0.000000000	0.000000000
2431.963070000	85.531170000	1.903090000	1.975260000	0.439236364	1781.655000000	0.000000000	0.000000000
2432.115470000	82.225650000	1.686730000	1.974170000	0.439896970	1782.125000000	0.000000000	0.000000000
2432.267860000	81.700680000	1.819310000	1.980580000	0.436012121	1760.931000000	0.000000000	0.000000000
2432.420260000	83.551050000	1.625670000	1.979570000	0.436624242	1753.577000000	0.000000000	0.000000000
2432.572660000	83.397240000	1.571210000	1.964790000	0.445581818	1743.056000000	0.000000000	0.000000000
2432.725050000	82.481030000	1.702840000	1.954790000	0.451642424	1739.693000000	0.000000000	0.000000000
2432.877450000	77.692460000	1.459600000	1.936780000	0.462557576	1740.168000000	0.000000000	0.000000000
2433.029850000	77.955220000	1.506010000	1.931440000	0.465793939	1739.866000000	0.000000000	0.000000000
2433.182240000	77.193250000	1.474360000	1.934020000	0.464230303	1739.553000000	0.000000000	0.000000000
2433.334640000	78.080140000	1.466830000	1.945950000	0.457000000	1739.930000000	0.000000000	0.000000000
2433.487030000	76.529340000	1.531450000	1.940290000	0.460430303	1737.788000000	0.000000000	0.000000000
2433.639430000	75.073810000	1.455090000	1.926340000	0.468884848	1738.762000000	0.000000000	0.000000000
2433.791830000	74.360720000	1.374550000	1.925210000	0.469569697	1741.387000000	0.000000000	0.000000000
2433.944220000	74.456680000	1.431350000	1.918600000	0.473575758	1741.550000000	0.000000000	0.000000000
2434.096620000	73.318290000	1.432710000	1.911280000	0.478012121	1744.144000000	0.000000000	0.000000000
2434.249020000	74.954330000	1.402750000	1.904480000	0.482133333	1755.811000000	0.000000000	0.000000000
2434.401410000	74.291510000	1.394420000	1.918600000	0.473575758	1757.035000000	0.000000000	0.000000000
2434.553810000	74.519850000	1.454420000	1.930310000	0.466478788	1765.080000000	0.000000000	0.000000000
2434.706210000	72.552800000	1.468830000	1.928880000	0.467345455	1773.281000000	0.000000000	0.000000000
2434.858600000	73.102460000	1.397380000	1.941260000	0.459842424	1784.228000000	0.000000000	0.000000000
2435.011000000	73.371530000	1.452150000	1.932770000	0.464987879	1781.926000000	0.000000000	0.000000000
2435.163390000	72.229030000	1.480930000	1.934210000	0.464115152	1789.257000000	0.000000000	0.000000000
2435.315790000	70.195130000	1.651900000	1.917950000	0.473969697	1789.174000000	0.000000000	0.000000000
2435.468190000	69.991520000	1.530660000	1.931630000	0.465678788	1788.548000000	0.000000000	0.000000000
2435.620580000	72.492250000	1.542490000	1.930430000	0.466406061	1779.032000000	0.000000000	0.000000000
2435.772980000	73.397260000	1.499560000	1.946590000	0.456612121	1778.089000000	0.000000000	0.000000000
2435.925380000	73.333980000	1.568090000	1.958280000	0.449527273	1773.992000000	0.000000000	0.000000000
2436.077770000	72.981370000	1.645130000	1.949170000	0.455048485	1756.882000000	0.000000000	0.000000000
2436.230170000	73.797810000	1.561530000	1.937770000	0.461957576	1758.443000000	0.000000000	0.000000000
2436.382560000	74.509630000	1.665570000	1.937670000	0.462018182	1757.635000000	0.000000000	0.000000000
2436.534960000	72.534540000	1.512070000	1.944960000	0.457600000	1754.989000000	0.000000000	0.000000000
2436.687360000	71.693580000	1.448730000	1.946170000	0.456866667	1755.931000000	0.000000000	0.000000000
2436.839750000	70.560390000	1.509800000	1.930200000	0.466545455	1756.922000000	0.000000000	0.000000000
2436.992150000	72.410190000	1.430080000	1.934470000	0.463957576	1764.010000000	0.000000000	0.000000000
2437.144550000	74.183870000	1.745020000	1.940000000	0.460606061	1766.534000000	0.000000000	0.000000000
2437.296940000	76.884570000	1.882880000	1.948600000	0.455393939	1769.416000000	0.000000000	0.000000000
2437.449340000	75.054630000	1.827480000	1.946990000	0.456369697	1775.825000000	0.000000000	0.000000000
2437.601730000	73.302030000	1.610740000	1.930970000	0.466078788	1782.201000000	0.000000000	0.000000000
2437.754130000	72.430910000	1.462400000	1.921290000	0.471945455	1781.420000000	0.000000000	0.000000000
2437.906530000	73.756730000	1.443850000	1.942010000	0.459387879	1785.210000000	0.000000000	0.000000000
2438.058920000	72.729290000	1.465120000	1.947340000	0.456157576	1785.654000000	0.000000000	0.000000000
2438.211320000	70.047970000	1.558540000	1.952850000	0.452818182	1786.703000000	0.000000000	0.000000000
2438.363720000	68.552080000	1.534260000	1.944210000	0.458054545	1784.798000000	0.000000000	0.000000000
2438.516110000	68.548520000	1.516430000	1.945140000	0.457490909	1781.375000000	0.000000000	0.000000000
2438.668510000	71.979170000	1.524690000	1.955520000	0.451200000	1776.517000000	0.000000000	0.000000000
2438.820900000	73.306340000	1.556820000	1.953930000	0.452163636	1773.610000000	0.000000000	0.000000000
2438.973300000	73.363160000	1.632030000	1.965450000	0.445181818	1781.682000000	0.000000000	0.000000000
2439.125700000	73.973630000	1.545390000	1.961980000	0.447284848	1781.215000000	0.000000000	0.000000000
2439.278090000	73.815510000	1.572510000	1.958100000	0.449636364	1782.278000000	0.000000000	0.000000000
2439.430490000	73.620290000	1.563450000	1.958970000	0.449109091	1796.217000000	0.000000000	0.000000000
2439.582880000	71.172970000	1.502370000	1.937140000	0.462339394	1795.374000000	0.000000000	0.000000000
2439.735280000	66.749980000	1.488040000	1.931280000	0.465890909	1795.530000000	0.000000000	0.000000000
2439.887680000	66.220410000	1.861500000	1.928890000	0.467339394	1787.418000000	0.000000000	0.000000000
2440.040070000	63.307290000	1.387080000	1.939950000	0.460636364	1787.752000000	0.000000000	0.000000000
2440.192470000	65.914250000	1.565510000	1.935120000	0.463563636	1788.996000000	0.000000000	0.000000000
2440.344870000	67.086360000	1.622780000	1.928910000	0.467327273	1782.521000000	0.000000000	0.000000000
2440.497260000	68.950450000	1.563240000	1.931550000	0.465727273	1780.658000000	0.000000000	0.000000000
2440.649660000	68.424500000	1.585610000	1.931250000	0.465909091	1779.646000000	0.000000000	0.000000000
2440.802050000	67.026150000	1.620910000	1.919890000	0.472793939	1783.234000000	0.000000000	0.000000000
2440.954450000	68.159650000	1.666040000	1.907620000	0.480230303	1778.139000000	0.000000000	0.000000000
2441.106850000	71.534930000	1.711880000	1.900600000	0.484484848	1760.184000000	0.000000000	0.000000000
2441.259240000	71.761160000	1.586020000	1.898650000	0.485666667	1736.525000000	0.000000000	0.000000000
2441.411640000	69.608020000	1.508150000	1.899520000	0.485139394	1729.824000000	0.000000000	0.000000000
2441.564040000	68.682540000	1.341480000	1.904470000	0.482139394	1727.288000000	0.000000000	0.000000000
2441.716430000	69.019870000	1.457900000	1.909320000	0.479200000	1727.918000000	0.000000000	0.000000000
2441.868830000	69.409920000	1.356140000	1.903000000	0.483030303	1737.573000000	0.000000000	0.000000000
2442.021220000	66.692760000	1.373430000	1.897200000	0.486545455	1739.910000000	0.000000000	0.000000000
2442.173620000	67.025010000	1.375020000	1.895770000	0.487412121	1746.418000000	0.000000000	0.000000000
2442.326020000	65.671160000	1.393230000	1.907620000	0.480230303	1753.725000000	0.000000000	0.000000000
2442.478410000	68.874840000	1.361560000	1.915740000	0.475309091	1756.063000000	0.000000000	0.000000000
2442.630810000	68.052830000	1.395740000	1.915600000	0.475393939	1757.009000000	0.000000000	0.000000000
2442.783200000	70.013500000	1.455470000	1.918280000	0.473769697	1756.583000000	0.000000000	0.000000000
2442.935600000	70.205670000	1.456480000	1.930970000	0.466078788	1757.034000000	0.000000000	0.000000000
2443.088000000	70.930130000	1.379290000	1.944890000	0.457642424	1760.012000000	0.000000000	0.000000000
2443.240390000	71.726400000	1.399610000	1.943170000	0.458684848	1762.055000000	0.000000000	0.000000000
2443.392790000	71.952630000	1.445280000	1.933990000	0.464248485	1762.979000000	0.000000000	0.000000000
2443.545180000	69.667070000	1.443320000	1.928510000	0.467569697	1763.069000000	0.000000000	0.000000000
2443.697580000	70.173070000	1.406990000	1.929860000	0.466751515	1770.171000000	0.000000000	0.000000000
2443.849980000	69.503500000	1.375220000	1.929720000	0.466836364	1772.776000000	0.000000000	0.000000000
2444.002370000	73.871480000	1.454370000	1.938990000	0.461218182	1779.348000000	0.000000000	0.000000000
2444.154770000	71.007370000	1.386830000	1.947700000	0.455939394	1777.547000000	0.000000000	0.000000000
2444.307170000	68.283450000	1.574270000	1.949310000	0.454963636	1787.190000000	0.000000000	0.000000000
2444.459560000	67.304280000	1.710930000	1.935700000	0.463212121	1786.446000000	0.000000000	0.000000000
2444.611960000	69.803380000	1.536790000	1.918150000	0.473848485	1781.589000000	0.000000000	0.000000000
2444.764350000	73.006450000	1.673150000	1.911750000	0.477727273	1783.964000000	0.000000000	0.000000000
2444.916750000	72.266270000	1.434240000	1.915280000	0.475587879	1786.766000000	0.000000000	0.000000000
2445.069150000	71.931270000	1.704710000	1.922320000	0.471321212	1795.909000000	0.000000000	0.000000000
2445.221540000	70.757090000	1.565180000	1.940620000	0.460230303	1798.724000000	0.000000000	0.000000000
2445.373940000	72.256230000	1.495560000	1.942410000	0.459145455	1797.753000000	0.000000000	0.000000000
2445.526330000	71.560700000	1.525230000	1.939650000	0.460818182	1792.175000000	0.000000000	0.000000000
2445.678730000	69.805800000	1.578450000	1.916060000	0.475115152	1781.810000000	0.000000000	0.000000000
2445.831130000	65.109250000	1.553560000	1.929250000	0.467121212	1777.124000000	0.000000000	0.000000000
2445.983520000	66.967140000	2.146720000	1.937870000	0.461896970	1768.199000000	0.000000000	0.000000000
2446.135920000	76.722770000	1.620630000	1.948810000	0.455266667	1757.133000000	0.000000000	0.000000000
2446.288310000	88.637650000	1.541870000	1.928700000	0.467454545	1758.969000000	0.000000000	0.000000000
2446.440710000	88.235770000	1.328220000	1.921110000	0.472054545	1756.235000000	0.000000000	0.000000000
2446.593110000	80.943600000	1.185120000	1.915650000	0.475363636	1766.927000000	0.000000000	0.000000000
2446.745500000	74.755490000	1.334960000	1.917100000	0.474484848	1776.366000000	0.000000000	0.000000000
2446.897900000	77.012410000	1.353940000	1.933180000	0.464739394	1773.747000000	0.000000000	0.000000000
2447.050290000	77.397070000	1.449760000	1.932120000	0.465381818	1773.888000000	0.000000000	0.000000000
2447.202690000	74.472730000	1.478590000	1.927190000	0.468369697	1775.790000000	0.000000000	0.000000000
2447.355090000	69.675370000	1.394140000	1.909000000	0.479393939	1781.469000000	0.000000000	0.000000000
2447.507480000	67.532470000	1.389450000	1.922100000	0.471454545	1787.156000000	0.000000000	0.000000000
2447.659880000	67.444840000	1.477670000	1.936190000	0.462915152	1799.059000000	0.000000000	0.000000000
2447.812270000	70.733990000	1.602840000	1.955270000	0.451351515	1811.458000000	0.000000000	0.000000000
2448.117070000	69.252070000	1.648120000	1.961390000	0.447642424	1925.937000000	0.000000000	0.000000000
2448.269460000	68.252200000	1.517730000	1.930050000	0.466636364	1984.561000000	0.000000000	0.000000000
2448.421860000	67.949390000	1.542950000	1.917050000	0.474515152	1992.071000000	0.000000000	0.000000000
2448.574250000	71.359830000	1.497300000	1.906840000	0.480703030	2006.854000000	0.000000000	0.000000000
2448.726650000	71.530180000	1.582150000	1.950680000	0.454133333	1984.229000000	0.000000000	0.000000000
2448.879050000	72.854890000	2.975750000	2.013580000	0.416012121	1958.082000000	0.000000000	0.000000000
2449.336230000	75.933560000	1.990670000	1.981040000	0.435733333	1762.218000000	0.000000000	0.000000000
2449.641030000	72.217390000	2.826030000	1.950760000	0.454084848	1734.208000000	0.000000000	0.000000000
2449.793420000	69.125550000	2.450770000	1.925330000	0.469496970	1725.431000000	0.000000000	0.000000000
2449.945820000	69.673300000	1.713380000	1.901020000	0.484230303	1719.948000000	0.000000000	0.000000000
2450.098210000	68.175760000	1.611990000	1.897190000	0.486551515	1715.888000000	0.000000000	0.000000000
2450.250610000	67.912830000	1.248070000	1.893510000	0.488781818	1720.735000000	0.000000000	0.000000000
2450.403010000	67.013160000	1.069710000	1.906400000	0.480969697	1724.744000000	0.000000000	0.000000000
2450.555400000	68.564380000	1.066270000	1.891870000	0.489775758	1722.941000000	0.000000000	0.000000000
2450.707800000	68.500530000	0.907580000	1.893670000	0.488684848	1720.018000000	0.000000000	0.000000000
2450.860190000	67.166050000	0.932460000	1.892530000	0.489375758	1720.712000000	0.000000000	0.000000000
2451.012590000	66.348340000	0.994810000	1.908440000	0.479733333	1724.723000000	0.000000000	0.000000000
2451.164990000	66.176000000	1.020480000	1.923210000	0.470781818	1720.922000000	0.000000000	0.000000000
2451.317380000	66.588780000	0.931060000	1.915430000	0.475496970	1722.333000000	0.000000000	0.000000000
2451.469780000	66.281460000	0.979530000	1.923270000	0.470745455	1715.411000000	0.000000000	0.000000000
2451.622170000	67.467910000	0.971930000	1.913610000	0.476600000	1721.554000000	0.000000000	0.000000000
2451.774570000	67.237870000	0.981010000	1.923130000	0.470830303	1723.669000000	0.000000000	0.000000000
2451.926970000	66.877280000	1.106840000	1.915740000	0.475309091	1734.449000000	0.000000000	0.000000000
2452.079360000	65.703180000	1.226950000	1.918840000	0.473430303	1736.261000000	0.000000000	0.000000000
2452.231760000	67.206830000	1.244230000	1.908630000	0.479618182	1731.068000000	0.000000000	0.000000000
2452.384150000	68.261870000	1.347830000	1.903720000	0.482593939	1732.278000000	0.000000000	0.000000000
2452.536550000	66.706240000	1.427910000	1.902860000	0.483115152	1728.743000000	0.000000000	0.000000000
2452.688940000	66.505150000	1.323170000	1.912600000	0.477212121	1724.013000000	0.000000000	0.000000000
2452.841340000	66.530990000	1.367870000	1.911860000	0.477660606	1729.734000000	0.000000000	0.000000000
2452.993740000	69.460420000	1.357310000	1.907770000	0.480139394	1728.793000000	0.000000000	0.000000000
2453.146130000	67.841830000	1.373890000	1.896720000	0.486836364	1729.571000000	0.000000000	0.000000000
2453.298530000	65.599020000	1.388850000	1.891360000	0.490084848	1730.648000000	0.000000000	0.000000000
2453.450920000	63.627460000	1.402280000	1.897480000	0.486375758	1728.226000000	0.000000000	0.000000000
2453.603320000	63.886430000	1.393640000	1.901510000	0.483933333	1734.606000000	0.000000000	0.000000000
2453.755720000	65.292470000	1.385410000	1.903750000	0.482575758	1729.070000000	0.000000000	0.000000000
2453.908110000	66.123280000	1.382660000	1.895040000	0.487854545	1727.486000000	0.000000000	0.000000000
2454.060510000	66.675760000	1.369870000	1.888010000	0.492115152	1729.909000000	0.000000000	0.000000000
2454.212900000	63.942280000	1.389050000	1.897840000	0.486157576	1733.435000000	0.000000000	0.000000000
2454.365300000	62.438070000	1.378980000	1.917300000	0.474363636	1732.446000000	0.000000000	0.000000000
2454.517690000	61.671410000	1.382900000	1.919490000	0.473036364	1729.933000000	0.000000000	0.000000000
2454.670090000	63.142710000	1.374570000	1.907910000	0.480054545	1730.655000000	0.000000000	0.000000000
2454.822490000	63.859730000	1.357530000	1.884300000	0.494363636	1733.572000000	0.000000000	0.000000000
2454.974880000	63.561330000	1.347090000	1.879420000	0.497321212	1729.861000000	0.000000000	0.000000000
2455.127280000	62.664980000	1.379850000	1.882010000	0.495751515	1730.645000000	0.000000000	0.000000000
2455.279670000	65.338070000	1.307190000	1.896770000	0.486806061	1743.617000000	0.000000000	0.000000000
2455.432070000	66.401580000	1.376490000	1.895160000	0.487781818	1739.031000000	0.000000000	0.000000000
2455.584470000	68.315960000	1.380780000	1.887700000	0.492303030	1746.458000000	0.000000000	0.000000000
2455.736860000	65.250970000	1.376430000	1.883930000	0.494587879	1747.443000000	0.000000000	0.000000000
2455.889260000	63.003080000	1.389930000	1.884400000	0.494303030	1750.264000000	0.000000000	0.000000000
2456.041650000	62.775290000	1.377810000	1.891470000	0.490018182	1749.763000000	0.000000000	0.000000000
2456.194050000	62.495530000	1.391270000	1.890490000	0.490612121	1753.086000000	0.000000000	0.000000000
2456.346440000	63.875350000	1.425150000	1.901790000	0.483763636	1749.267000000	0.000000000	0.000000000
2456.498840000	63.045190000	1.388860000	1.906840000	0.480703030	1746.154000000	0.000000000	0.000000000
2456.651240000	63.519760000	1.425700000	1.916600000	0.474787879	1742.657000000	0.000000000	0.000000000
2456.803630000	62.043620000	1.403820000	1.916170000	0.475048485	1742.756000000	0.000000000	0.000000000
2456.956030000	64.036670000	1.451620000	1.916460000	0.474872727	1741.083000000	0.000000000	0.000000000
2457.108420000	64.895870000	1.465780000	1.914700000	0.475939394	1742.963000000	0.000000000	0.000000000
2457.260820000	67.143040000	1.431320000	1.927790000	0.468006061	1753.560000000	0.000000000	0.000000000
2457.413220000	65.401370000	1.433220000	1.935090000	0.463581818	1761.714000000	0.000000000	0.000000000
2457.565610000	63.869740000	1.389540000	1.951960000	0.453357576	1876.276000000	0.000000000	0.000000000
2457.718010000	65.398250000	1.400420000	1.967230000	0.444103030	1895.720000000	0.000000000	0.000000000
2457.870400000	66.833260000	1.442670000	1.997190000	0.425945455	1919.913000000	0.000000000	0.000000000
2458.022800000	67.371190000	1.798170000	2.013220000	0.416230303	1923.954000000	0.000000000	0.000000000
2458.175190000	65.364840000	2.047910000	2.005180000	0.421103030	1923.145000000	0.000000000	0.000000000
2458.327590000	64.809500000	2.218090000	1.993150000	0.428393939	1897.781000000	0.000062421	0.000000000
2458.479990000	66.783710000	1.715640000	1.977600000	0.437818182	1858.984000000	0.000000000	0.000000000
2458.632380000	66.759640000	1.577180000	1.981260000	0.435600000	1814.460000000	0.000000000	0.000000000
2458.784780000	66.683120000	1.839560000	1.985230000	0.433193939	1800.664000000	0.000000000	0.000000000
2458.937170000	66.101130000	1.621180000	1.988700000	0.431090909	1800.664000000	0.000000000	0.000000000
2459.089570000	66.500080000	1.837470000	1.992300000	0.428909091	1800.664000000	0.000000000	0.000000000
2459.241960000	67.935180000	1.709040000	1.983960000	0.433963636	1800.664000000	0.000000000	0.000000000
2459.394360000	68.995170000	1.685800000	1.986990000	0.432127273	1794.767000000	0.000000000	0.000000000
2459.546760000	70.180980000	1.707890000	1.983300000	0.434363636	1793.025000000	0.000000000	0.000000000
2459.699150000	71.136020000	1.783240000	1.976770000	0.438321212	1780.264000000	0.000000000	0.000000000
2459.851550000	72.690830000	1.778680000	1.960190000	0.448369697	1787.020000000	0.000000000	0.000000000
2460.003940000	75.654590000	1.570670000	1.946680000	0.456557576	1853.345000000	0.000000000	0.000000000
2460.613530000	73.370810000	1.974450000	1.971320000	0.441624242	1860.184000000	0.000000000	0.000000000
2460.918320000	74.728530000	2.583180000	1.943190000	0.458672727	1790.721000000	0.000000000	2.000000000
2461.070710000	75.834410000	1.534220000	1.921050000	0.472090909	1797.647000000	0.000000000	0.000000000
2461.223110000	76.508430000	1.376400000	1.891250000	0.490151515	1820.657000000	0.000000000	0.000000000
2461.375500000	75.127000000	1.411140000	1.889350000	0.491303030	1806.173000000	0.000000000	0.000000000
2461.527900000	76.382740000	1.406270000	1.887730000	0.492284848	1772.262000000	0.000000000	0.000000000
2461.680290000	74.677190000	1.501600000	1.884960000	0.493963636	1803.967000000	0.000000000	0.000000000
2461.832690000	74.096970000	1.291210000	1.893840000	0.488581818	1797.826000000	0.000000000	0.000000000
2461.985090000	70.894340000	1.402650000	1.894450000	0.488212121	1815.836000000	0.000000000	0.000000000
2462.137480000	71.072430000	1.418910000	1.905360000	0.481600000	1829.614000000	0.000000000	0.000000000
2462.289880000	72.934620000	1.411800000	1.907530000	0.480284848	1834.180000000	0.000000000	0.000000000
2462.442270000	76.565630000	1.427840000	1.912650000	0.477181818	1870.163000000	0.000000000	0.000000000
2462.594670000	77.191860000	1.341850000	1.907620000	0.480230303	1862.099000000	0.000000000	0.000000000
2462.747060000	74.574490000	2.364390000	1.906290000	0.481036364	1900.817000000	0.109550000	2.000000000
2462.899460000	70.101390000	11.751460000	1.921720000	0.471684848	2295.904000000	0.624220000	2.000000000
2463.051860000	66.710090000	13.569270000	1.949020000	0.455139394	2600.444000000	0.634300000	2.000000000
2463.204250000	62.663520000	18.226930000	1.980660000	0.435963636	2889.931000000	0.699280000	2.000000000
2463.356650000	58.789230000	18.432270000	1.997200000	0.425939394	2952.228000000	0.681070000	2.000000000
2463.509040000	54.539500000	13.120720000	1.998430000	0.425193939	3102.567000000	0.598820000	2.000000000
2463.661440000	53.662380000	14.109740000	2.001800000	0.423151515	3082.635000000	0.580150000	2.000000000
2463.813830000	53.338090000	13.102740000	2.015570000	0.414806061	3105.325000000	0.598250000	2.000000000
2463.966230000	55.675610000	16.048710000	2.037800000	0.401333333	3071.467000000	0.532670000	2.000000000
2464.118620000	56.505130000	12.729100000	2.045470000	0.396684848	3128.937000000	0.579530000	2.000000000
2464.271020000	58.415250000	12.353750000	2.055120000	0.390836364	3153.421000000	0.556490000	2.000000000
2464.423420000	57.334500000	12.876740000	2.034940000	0.403066667	2949.175000000	0.538220000	2.000000000
2464.575810000	56.000770000	8.256270000	1.980140000	0.436278788	2829.898000000	0.481430000	2.000000000
2464.728210000	52.229640000	2.980980000	1.867830000	0.504345455	2753.583000000	0.495070000	2.000000000
2465.337790000	55.476350000	5.358010000	1.887740000	0.492278788	2524.783000000	0.499070000	2.000000000
2465.490180000	56.701740000	3.533380000	1.960080000	0.448436364	2491.064000000	0.258430000	2.000000000
2465.642580000	57.177700000	3.720770000	2.027110000	0.407812121	2458.741000000	0.213260000	2.000000000
2465.794980000	56.824950000	5.641390000	2.021220000	0.411381818	2451.656000000	0.413140000	2.000000000
2465.947370000	57.711770000	9.176900000	1.976660000	0.438387879	2473.433000000	0.477180000	2.000000000
2466.099770000	56.934170000	8.912860000	1.886940000	0.492763636	2406.843000000	0.433610000	2.000000000
2466.252160000	55.728430000	3.549890000	1.848410000	0.516115152	2312.261000000	0.369180000	2.000000000
2466.404560000	52.131500000	3.618770000	1.786140000	0.553854545	2202.737000000	0.501570000	2.000000000
2466.556950000	46.581290000	6.251410000	1.649840000	0.636460606	2008.139000000	0.172410000	2.000000000
2466.709350000	41.552210000	1.325030000	1.486180000	0.735648485	1852.258000000	0.254810000	0.000000000
2466.861750000	39.113080000	1.107490000	1.388410000	0.794903030	1814.950000000	0.269690000	0.000000000
2467.014140000	39.056220000	0.960700000	1.432090000	0.768430303	1814.950000000	0.304330000	0.000000000
2467.166540000	41.746670000	1.379560000	1.579300000	0.679212121	1845.522000000	0.198900000	2.000000000
2467.318930000	46.725100000	1.540410000	1.757460000	0.571236364	1992.753000000	0.133610000	2.000000000
2467.471330000	50.280990000	5.403510000	1.826600000	0.529333333	2020.537000000	0.526310000	2.000000000
2467.623720000	53.813630000	3.015110000	1.846600000	0.517212121	2115.132000000	0.268750000	2.000000000
2467.776120000	53.337910000	1.889850000	1.817250000	0.535000000	2198.882000000	0.131710000	2.000000000
2467.928510000	53.146020000	2.116080000	1.703510000	0.603933333	2225.853000000	0.287150000	2.000000000
2468.233310000	44.333750000	0.847790000	1.430430000	0.769436364	1987.002000000	0.157960000	0.000000000
2468.385700000	38.998050000	0.783610000	1.463160000	0.749600000	1989.986000000	0.236010000	0.000000000
2468.538100000	37.653180000	1.414880000	1.634890000	0.645521212	1963.917000000	0.065740000	0.000000000
2468.690490000	38.756590000	2.250370000	1.845380000	0.517951515	1958.161000000	0.157740000	2.000000000
2468.842890000	43.871940000	4.924820000	1.957640000	0.449915152	1998.391000000	0.410070000	2.000000000
2468.995280000	48.894860000	5.570000000	1.986950000	0.432151515	2099.868000000	0.298370000	2.000000000
2469.147680000	52.429210000	5.114850000	1.941660000	0.459600000	2134.666000000	0.403680000	2.000000000
2469.300070000	52.881670000	2.544280000	1.831140000	0.526581818	2137.164000000	0.448010000	2.000000000
2469.452470000	51.454160000	2.273590000	1.653900000	0.634000000	2077.919000000	0.255680000	2.000000000
2469.604870000	46.828980000	2.044940000	1.570130000	0.684769697	2034.224000000	0.346950000	2.000000000
2469.757260000	45.822480000	2.409500000	1.610870000	0.660078788	2063.347000000	0.386010000	2.000000000
2469.909660000	46.701170000	2.739610000	1.740130000	0.581739394	2106.530000000	0.540380000	2.000000000
2470.062050000	51.322840000	5.226080000	1.897040000	0.486642424	2146.186000000	0.351890000	2.000000000
2470.214450000	54.993850000	7.824320000	2.004580000	0.421466667	2312.073000000	0.546920000	2.000000000
2470.366840000	52.958390000	7.205880000	2.074070000	0.379351515	2401.296000000	0.505890000	2.000000000
2470.519240000	54.419840000	10.537050000	2.114200000	0.355030303	2628.816000000	0.456720000	2.000000000
2470.671640000	54.041030000	13.114420000	2.100990000	0.363036364	2740.793000000	0.470740000	2.000000000
2470.824030000	57.937710000	11.819540000	2.105150000	0.360515152	2927.479000000	0.512220000	2.000000000
2470.976430000	57.131610000	20.096850000	2.102590000	0.362066667	2890.504000000	0.513640000	2.000000000
2471.128820000	58.086720000	19.553580000	2.096880000	0.365527273	2854.451000000	0.571540000	2.000000000
2471.281220000	57.081150000	17.379510000	2.093430000	0.367618182	2830.907000000	0.592190000	2.000000000
2471.433610000	57.598160000	17.692160000	2.106850000	0.359484848	2911.940000000	0.568210000	2.000000000
2471.586010000	58.151220000	16.164740000	2.109790000	0.357703030	2997.750000000	0.560810000	2.000000000
2471.738400000	57.446720000	13.365000000	2.110100000	0.357515152	3120.402000000	0.482260000	2.000000000
2471.890800000	57.308470000	15.952050000	2.102580000	0.362072727	3107.327000000	0.523750000	2.000000000
2472.043200000	56.554250000	14.540750000	2.102390000	0.362187879	3072.490000000	0.544110000	2.000000000
2472.195590000	58.730360000	16.262420000	2.104660000	0.360812121	2755.153000000	0.498540000	2.000000000
2472.347990000	58.575770000	8.760350000	2.104210000	0.361084848	2774.027000000	0.478700000	2.000000000
2472.500380000	60.436950000	8.611390000	2.105200000	0.360484848	2753.219000000	0.346920000	2.000000000
2472.652780000	59.795950000	12.354010000	2.065480000	0.384557576	2692.261000000	0.428440000	2.000000000
2472.805170000	61.708200000	11.012310000	2.021200000	0.411393939	2600.258000000	0.508730000	2.000000000
2472.957570000	61.423590000	8.957670000	1.974210000	0.439872727	2512.132000000	0.459160000	2.000000000
2473.109960000	64.188640000	3.383150000	1.966590000	0.444490909	2351.803000000	0.000000000	2.000000000
2473.262360000	66.161070000	2.082060000	2.000000000	0.424242424	2124.737000000	0.000000000	0.000000000
2473.414760000	66.160200000	1.848080000	2.057580000	0.389345455	1928.357000000	0.000000000	0.000000000
2473.567150000	64.849950000	4.387490000	2.102700000	0.362000000	1930.190000000	0.000000000	0.000000000
2473.871940000	62.578630000	10.499280000	2.133230000	0.343496970	2091.318000000	0.413130000	2.000000000
2474.024340000	61.406620000	10.979600000	2.148620000	0.334169697	2366.097000000	0.446280000	2.000000000
2474.176730000	58.873030000	11.898380000	2.142840000	0.337672727	2765.492000000	0.443160000	2.000000000
2474.329130000	59.022350000	12.141380000	2.136340000	0.341612121	2898.849000000	0.464330000	2.000000000
2474.481520000	60.503510000	12.197540000	2.109330000	0.357981818	2834.219000000	0.486860000	2.000000000
2474.633920000	64.318830000	13.112460000	2.033150000	0.404151515	2646.609000000	0.533740000	2.000000000
2474.786320000	65.556720000	5.019140000	1.890450000	0.490636364	2515.639000000	0.074240000	2.000000000
2474.938710000	64.744620000	1.870820000	1.811150000	0.538696970	2379.811000000	0.000000000	0.000000000
2475.091110000	61.650780000	2.132430000	1.829700000	0.527454545	2141.919000000	0.373980000	2.000000000
2475.243500000	58.303870000	7.480600000	1.915470000	0.475472727	2067.260000000	0.296750000	2.000000000
2475.395900000	58.091580000	11.891950000	1.929890000	0.466733333	2034.272000000	0.466570000	2.000000000
2475.548290000	59.531040000	1.491390000	1.882310000	0.495569697	2022.720000000	0.000000000	0.000000000
2475.700690000	59.225780000	1.530390000	1.795620000	0.548109091	2011.298000000	0.455370000	2.000000000
2475.853090000	53.834290000	9.500380000	1.735790000	0.584369697	1983.201000000	0.609080000	2.000000000
2476.005480000	48.839920000	1.135850000	1.572620000	0.683260606	1897.724000000	0.138320000	2.000000000
2476.157880000	47.431910000	1.408270000	1.544060000	0.700569697	1874.054000000	0.000000000	0.000000000
2476.310270000	51.429360000	4.601630000	1.539500000	0.703333333	1903.699000000	0.582020000	2.000000000
2476.462670000	56.089250000	4.951960000	1.684170000	0.615654545	1934.296000000	0.457140000	2.000000000
2476.615060000	61.092380000	10.768570000	1.783590000	0.555400000	1992.781000000	0.383640000	2.000000000
2476.767460000	63.477720000	2.239750000	1.827260000	0.528933333	2040.636000000	0.439370000	2.000000000
2476.919850000	65.748310000	2.646390000	1.768280000	0.564678788	2061.442000000	0.368520000	2.000000000
2477.072250000	65.094830000	6.196880000	1.697190000	0.607763636	2069.866000000	0.484490000	2.000000000
2477.224650000	64.824490000	2.538110000	1.709110000	0.600539394	2042.321000000	0.470700000	2.000000000
2477.377040000	64.320890000	2.494850000	1.717100000	0.595696970	2019.659000000	0.456410000	2.000000000
2477.529440000	64.697210000	6.148370000	1.746540000	0.577854545	2034.741000000	0.546590000	2.000000000
2477.681830000	64.123170000	2.026510000	1.704760000	0.603175758	2027.033000000	0.393880000	2.000000000
2477.986620000	54.826460000	9.156020000	1.662540000	0.628763636	2099.980000000	0.525070000	2.000000000
2478.139020000	48.916100000	1.955540000	1.676060000	0.620569697	2069.557000000	0.565580000	2.000000000
2478.291410000	45.196060000	1.479650000	1.552220000	0.695624242	1939.625000000	0.307420000	2.000000000
2478.443810000	43.738170000	2.461340000	1.397150000	0.789606061	1909.499000000	0.415480000	2.000000000
2478.596210000	44.794750000	1.523560000	1.323220000	0.834412121	1802.742000000	0.000000000	0.000000000
2478.901000000	41.249310000	1.433320000	1.255770000	0.875290909	1711.261000000	0.000000000	0.000000000
2479.205790000	41.581480000	1.754360000	1.301320000	0.847684848	1676.295000000	0.000000000	0.000000000
2479.358180000	48.521780000	7.504010000	1.501070000	0.726624242	1695.986000000	0.493220000	2.000000000
2479.510580000	54.765310000	10.681260000	1.757440000	0.571248485	1768.109000000	0.479230000	2.000000000
2479.662980000	56.803620000	16.065890000	1.850890000	0.514612121	1778.254000000	0.616370000	2.000000000
2479.815370000	56.348790000	8.848440000	1.902290000	0.483460606	1897.139000000	0.257610000	2.000000000
2479.967770000	57.829300000	9.570760000	1.820220000	0.533200000	2005.608000000	0.420060000	2.000000000
2480.120160000	54.561820000	2.391260000	1.803830000	0.543133333	1923.517000000	0.352760000	2.000000000
2480.272560000	51.568000000	1.043600000	1.805490000	0.542127273	1851.890000000	0.000000000	0.000000000
2480.424950000	49.611730000	1.420200000	1.865790000	0.505581818	1865.155000000	0.473100000	2.000000000
2480.577350000	48.107070000	10.828710000	1.888660000	0.491721212	1961.054000000	0.275170000	2.000000000
2480.729740000	49.233060000	18.343540000	1.921960000	0.471539394	2083.048000000	0.716950000	2.000000000
2480.882140000	48.273750000	12.748950000	1.946630000	0.456587879	2181.345000000	0.690790000	2.000000000
2481.034540000	50.322780000	18.833930000	1.951320000	0.453745455	2239.259000000	0.686320000	2.000000000
2481.186930000	50.581340000	16.909510000	1.963770000	0.446200000	2357.454000000	0.651500000	2.000000000
2481.339330000	50.885520000	7.896270000	1.909460000	0.479115152	2416.671000000	0.289240000	2.000000000
2481.491720000	51.459900000	1.631390000	1.682610000	0.616600000	2252.651000000	0.222370000	2.000000000
2481.644120000	51.710900000	1.590990000	1.570610000	0.684478788	1889.778000000	0.248300000	2.000000000
2481.796510000	51.302580000	1.373790000	1.495860000	0.729781818	1818.424000000	0.000000000	0.000000000
2481.948910000	51.120690000	1.593410000	1.574580000	0.682072727	1812.155000000	0.238540000	2.000000000
2482.101300000	52.156050000	2.297260000	1.656380000	0.632496970	1823.898000000	0.312740000	2.000000000
2482.253700000	52.748360000	6.287160000	1.801730000	0.544406061	1855.488000000	0.546250000	2.000000000
2482.406100000	53.405090000	8.645080000	1.848630000	0.515981818	1879.981000000	0.431510000	2.000000000
2482.558490000	52.222150000	5.728560000	1.819860000	0.533418182	1892.968000000	0.467960000	2.000000000
2482.710890000	47.640150000	3.464470000	1.609050000	0.661181818	1820.823000000	0.191780000	2.000000000
2482.863280000	42.077260000	1.060930000	1.480440000	0.739127273	1769.903000000	0.000000000	0.000000000
2483.015680000	39.184140000	1.204150000	1.426170000	0.772018182	1705.963000000	0.000000000	0.000000000
2483.472860000	48.184480000	1.150230000	1.566970000	0.686684848	1665.731000000	0.000000000	0.000000000
2483.625260000	51.499880000	1.075970000	1.595030000	0.669678788	1734.985000000	0.000000000	0.000000000
2483.777660000	51.825870000	1.145580000	1.701670000	0.605048485	1802.251000000	0.000000000	0.000000000
2483.930050000	53.483610000	1.755610000	1.842260000	0.519842424	1834.727000000	0.000000000	0.000000000
2484.082450000	51.650480000	2.750930000	1.867000000	0.504848485	1868.395000000	0.098510000	2.000000000
2484.234840000	50.569050000	7.455610000	1.796430000	0.547618182	1903.361000000	0.469720000	2.000000000
2484.387240000	48.105690000	1.665570000	1.672140000	0.622945455	1939.668000000	0.189920000	2.000000000
2484.539630000	51.522270000	2.015200000	1.637220000	0.644109091	1962.084000000	0.000000000	0.000000000
2484.692030000	57.378440000	4.752940000	1.719040000	0.594521212	1974.782000000	0.665560000	2.000000000
2484.844430000	65.060390000	10.078270000	1.898260000	0.485903030	1987.646000000	0.294380000	2.000000000
2484.996820000	64.760480000	10.095890000	1.987500000	0.431818182	2097.884000000	0.380080000	2.000000000
2485.149220000	59.808960000	5.475850000	1.988890000	0.430975758	2206.968000000	0.288200000	2.000000000
2485.301610000	54.767700000	5.409950000	2.004800000	0.421333333	2288.191000000	0.630300000	2.000000000
2485.454010000	51.599110000	20.509760000	2.034430000	0.403375758	2375.620000000	0.609190000	2.000000000
2485.606400000	53.459930000	15.035350000	2.047860000	0.395236364	2381.930000000	0.561710000	2.000000000
2485.758800000	51.975990000	12.981270000	2.053020000	0.392109091	2381.930000000	0.570790000	2.000000000
2485.911190000	51.298050000	13.202180000	2.033000000	0.404242424	2381.930000000	0.607930000	2.000000000
2486.063590000	49.965030000	15.710640000	2.013380000	0.416133333	2333.188000000	0.577380000	2.000000000
2486.215990000	49.311000000	16.547540000	1.957720000	0.449866667	2255.577000000	0.745790000	2.000000000
2486.368380000	49.210530000	33.257770000	1.926440000	0.468824242	2182.963000000	0.751460000	2.000000000
2486.520780000	49.813070000	6.053220000	1.803470000	0.543351515	2086.744000000	0.606420000	2.000000000
2486.673170000	52.854900000	2.154430000	1.603990000	0.664248485	1996.639000000	0.334150000	2.000000000
2486.825570000	55.166510000	4.401100000	1.428380000	0.770678788	1855.705000000	0.710510000	2.000000000
2487.587550000	46.934600000	1.122650000	1.416000000	0.778181818	1591.960000000	0.000000000	0.000000000
2490.940250000	31.608110000	0.824330000	1.321750000	0.835303030	1657.807000000	0.000000000	0.000000000
2491.092640000	36.007140000	0.838340000	1.414010000	0.779387879	1662.571000000	0.000000000	0.000000000
2491.245040000	38.688740000	0.893550000	1.438170000	0.764745455	1665.532000000	0.000000000	0.000000000
2491.397440000	40.363340000	1.047190000	1.449600000	0.757818182	1686.818000000	0.000000000	0.000000000
2491.549830000	39.733020000	1.187460000	1.484310000	0.736781818	1679.727000000	0.000000000	0.000000000
2491.702230000	41.166280000	1.146140000	1.498750000	0.728030303	1650.093000000	0.000000000	0.000000000
2491.854620000	43.902760000	1.132380000	1.491230000	0.732587879	1641.329000000	0.000000000	0.000000000
2492.007020000	44.960560000	1.026190000	1.461560000	0.750569697	1639.443000000	0.000000000	0.000000000
2492.159410000	44.409310000	1.073360000	1.447430000	0.759133333	1643.795000000	0.000000000	0.000000000
2492.311810000	40.643680000	1.019400000	1.428580000	0.770557576	1634.946000000	0.000000000	0.000000000
2492.464200000	38.939910000	0.929550000	1.430220000	0.769563636	1623.152000000	0.000000000	0.000000000
2492.616600000	38.511280000	0.958520000	1.421760000	0.774690909	1603.843000000	0.000000000	0.000000000
