0.016467774
0.014548253
0.014006571
0.013614864
0.013127745
0.012933185
0.012711083
0.012459743
0.012166844
0.011998693
0.011779715
0.011600286
0.011426388
0.011460348
0.011122274
0.010952879
0.010769278
0.010699604
0.010330869
0.010348452
0.010056672
0.010045958
0.009801568
0.009499758
0.009588649
0.009542535
0.009284545
0.009087252
0.009010248
0.008972452
0.008526207
0.008516622
0.008440497
0.008381350
0.008207588
0.008030577
0.008147525
0.007759756
0.007621199
0.007492260
0.007451825
0.007477812
0.007288976
0.007499378
0.007332791
0.007044805
0.006981893
0.006802538
0.006814622
0.006833361
0.006777230
0.006692999
0.006718132
0.006529091
0.006699565
0.006460220
0.006487362
0.006436451
0.006410599
0.006230806
0.006324147
0.006259916
0.006271621
0.006328972
0.006125923
0.006336290
0.006103980
0.005945698
0.006086346
0.006052719
0.006068200
0.006094271
0.006039393
0.006035864
0.006079638
0.005854949
0.006029812
0.005937625
0.005864238
0.006068719
0.005942914
0.005798183
0.005837353
0.005715406
0.005786626
0.005742805
0.005874215
0.005763510
0.005662806
0.005916448
0.005612154
0.005739532
0.005764413
0.005797564
0.005694206
0.005622057
0.005578940
0.005748339
0.005739465
0.005555285
0.005615362
0.005848820
0.005658936
0.005625813
0.005509976
0.005727129
0.005712330
0.005493891
0.005591095
0.005581192
0.005737858
0.005496972
0.005534296
0.005558395
0.005550557
0.005515317
0.005680349
0.005559853
0.005424120
0.005497388
0.005538531
0.005457976
0.005588885
0.005556201
0.005561329
0.005493769
0.005656298
0.005456574
0.005524610
0.005382735
0.005422362
0.005610303
0.005554867
0.005419175
0.005535484
0.005490328
0.005481323
0.005380333
0.005449608
0.005398781
0.005476187
0.005450155
0.005476712
0.005371562
0.005574436
0.005411436
0.005541051
0.005395568
0.005324662
0.005376219
0.005298044
0.005461818
0.005339327
0.005334089
0.005338158
0.005261449
0.005336333
0.005409260
0.005415304
0.005485544
0.005410414
0.005376089
0.005404776
0.005384766
0.005416362
0.005412995
0.005581721
0.005408284
0.005386837
0.005250007
0.005341872
0.005562713
0.005285481
0.005343413
0.005518867
0.005343961
0.005320176
0.005316348
0.005440095
0.005318197
0.005186818
0.005223459
0.005355828
0.005347799
0.005407475
0.005335955
0.005204452
0.005396298
0.005360246
0.005287848
0.005143008
0.005194033
0.005308224
0.005224003
0.005311339
0.005384544
0.005269533
0.005291705
0.005281712
0.005183934
0.005341098
0.005358305
0.005207007
0.005325003
0.005267618
0.005398563
0.005224945
0.005274303
0.005202259
0.005233719
0.005275816
0.005258216
0.005275098
0.005211014
0.005170882
0.005307501
0.005300133
0.005387584
0.005310600
0.005197186
0.005300788
0.005330525
0.005170797
0.005139836
0.005032295
0.005321538
0.005085254
0.005200986
0.005151662
0.005216733
0.005184088
0.005169430
0.005159883
0.005297448
0.005188747
0.005261135
0.005239407
0.005164458
0.005090303
0.005265739
0.005280976
0.005297337
0.005240920
0.005239577
0.005287157
0.005119707
0.005066505
0.005079679
0.005144861
0.005177552
0.005194129
0.005255385
0.005094709
0.005127133
0.005167214
0.005236055
0.005156852
0.005167309
0.005022350
0.005153715
0.005147338
0.005116757
0.005045192
0.005037199
0.005106654
0.005235817
0.005177646
0.005139843
0.005243679
0.005104544
0.005105677
0.005018303
0.005037350
0.005185398
0.005170257
0.005036599
0.005092036
0.005098857
0.005102869
0.005119226
0.005019513
0.005059447
0.005150474
0.005107138
0.004993340
0.005061427
0.005140945
0.005179102
0.005096807
0.005117616
0.005022062
0.005087606
0.005155555
0.005116072
0.004958160
0.005236276
0.005132093
0.005173285
0.004988786
0.005051347
0.005050022
0.005178148
0.005004389
0.005019638
0.004912726
0.005026002
0.005141716
0.005093522
0.004986963
0.004984319
0.005036577
0.005021539
0.005027103
0.004980891
0.004930354
0.005149379
0.005104132
0.004960993
0.004960542
0.005129391
0.005062781
0.004955505
0.004946339
0.004902741
0.005082896
0.005128358
0.005088154
0.005033899
0.004981395
0.005022874
0.004917239
0.005091176
0.004985166
0.004925997
0.004978273
0.005218698
0.005042851
0.004897874
0.004974884
0.004956287
0.004992433
0.004808984
0.005042417
0.004970855
0.004932043
0.004991639
0.005054989
0.005060328
0.004891772
0.004908700
0.005046209
0.005028557
0.004908581
0.004976832
0.004979430
0.004981202
0.004990964
0.004992171
0.004906108
0.004941885
0.004919816
0.004882483
0.004904387
0.005061125
0.004990709
0.004956159
0.005060872
0.004906254
0.004838433
0.004930728
0.004998520
0.004866091
0.004967014
0.004977540
0.004942121
0.004914185
0.004848873
0.004970922
0.004901123
0.005079450
0.004836268
0.004982677
0.005022654
0.004926463
0.004891707
0.004972824
0.004957992
0.004937456
0.004886577
0.004842423
0.005020231
0.004772543
0.004849843
0.004874947
0.004823667
0.004851454
0.004891070
0.004851249
0.004809794
0.004814241
0.004972714
0.004971259
0.005001124
0.004995145
0.005045787
0.004839039
0.004911977
0.004821306
0.004918850
0.005029227
0.004809081
0.004959992
0.004808983
0.004913671
0.004787500
0.004773109
0.004912929
0.004977925
0.004853591
0.004939908
0.004854952
0.004907621
0.004840735
0.004981913
0.004774591
0.004826771
0.005019980
0.004928119
0.004954358
0.004781191
0.004809013
0.004816468
0.004768700
0.004968540
0.004850591
0.004917895
0.004948551
0.004925771
0.004904308
0.004817157
0.004761538
0.004899799
0.004733742
0.004904476
0.004823886
0.004939194
0.004773378
0.004889658
0.004743325
0.004840257
0.004734090
0.004741881
0.004921930
0.004817964
0.004833842
0.004745253
0.004667741
0.004847789
0.004784524
0.004823159
0.004767293
0.004859033
0.004911478
0.004835344
0.004731234
0.004848402
0.005015143
0.004910712
0.004792094
0.004860704
0.004748542
0.004825226
0.004813889
0.004719811
0.004636032
0.004785938
0.004836867
0.004740211
0.004753518
0.004960235
0.004731486
0.004814891
0.004681144
0.004780059
0.004733759
0.004825792
0.004860800
0.004705845
0.004728819
0.004782276
0.004775038
0.004808326
0.004764510
0.004753479
0.004756970
0.004755981
0.004822331
0.004679084
0.004858968
0.004770616
