0.0	0.0022969171	
0.0	0.015091816	
0.0	0.006221978	
0.0	0.0015041064	
0.0	0.0011243597	
0.0	0.004762534	
0.0	0.0010125563	
0.0	0.0012445562	
0.0	0.068783134	
0.0	-0.0007478893	
0.0	0.0021336526	
0.0	0.008677831	
0.0	0.021036778	
0.0	0.00964893	
0.0	0.002926547	
0.0	0.026066296	
0.0	0.003017176	
0.0	-6.913021e-05	
0.0	0.0031715203	
0.0	0.002099635	
0.0	0.008263495	
0.0	0.0017199982	
0.0	0.003437195	
0.0	0.001337098	
0.0	0.0021414086	
0.0	-0.0005929135	
0.0	0.0029832628	
0.0	-0.0008596778	
0.0	0.028106038	
0.0	0.001018066	
0.0	0.0029282086	
0.0	0.0048770234	
0.0	0.092835754	
0.0	-0.0073058493	
0.0	0.005027622	
0.0	-0.0031994395	
0.0	0.0027377643	
0.0	0.0029781908	
0.0	0.0016179383	
0.0	0.002651168	
0.0	0.007626025	
0.0	0.03932035	
0.0	0.09453842	
0.0	0.0027359352	
0.0	0.001339443	
0.0	0.015007975	
0.0	0.007812623	
0.0	0.002461359	
0.0	0.0045961663	
0.0	0.0012956243	
0.0	0.002514001	
0.0	0.014790613	
0.0	0.0032185316	
0.0	0.008254696	
0.0	0.0069587193	
0.0	0.0026777536	
0.0	0.0028028078	
0.0	-0.005743172	
0.0	0.004090663	
0.0	0.010490337	
0.0	0.0020191185	
0.0	0.0015808754	
0.0	0.00030962005	
0.0	0.001923833	
0.0	-0.0025716834	
0.0	0.0018163361	
0.0	0.0033464022	
0.0	0.006623	
0.0	0.006352395	
0.0	0.0029712617	
0.0	0.0029052887	
0.0	-0.00050465204	
0.0	0.003616741	
0.0	-0.0010448433	
0.0	-0.0018403046	
0.0	0.0020404048	
0.0	0.0020533707	
0.0	0.005456362	
0.0	0.0051729623	
0.0	0.0028592441	
0.0	-2.843514e-05	
0.0	0.004855264	
0.0	0.0026136637	
0.0	0.0019910894	
0.0	0.0010102391	
0.0	0.005122753	
0.0	-0.0013360605	
0.0	-0.00029887445	
0.0	-0.0011542924	
0.0	0.00050635636	
0.0	0.0062235165	
0.0	0.0016602967	
0.0	0.0042305253	
0.0	0.003944002	
0.0	0.0013641622	
0.0	0.021074476	
0.0	0.0005524829	
0.0	0.008797184	
0.0	0.00046531856	
0.0	0.0014911443	
0.0	0.02941249	
0.0	0.0027665105	
0.0	-0.00093528256	
0.0	-0.00013445131	
0.0	-4.486926e-05	
0.0	0.0005361065	
0.0	0.0017676707	
0.0	0.00017630681	
0.0	0.0026474483	
0.0	0.0039132554	
0.0	-0.0011531338	
0.0	-0.0009879954	
0.0	0.0018111318	
0.0	0.0004167799	
0.0	0.02710961	
0.0	-1.4279038e-05	
0.0	0.0033821315	
0.0	0.005406443	
0.0	0.0007663015	
0.0	0.0010859966	
0.0	0.0034779664	
0.0	0.0013456196	
0.0	0.00334147	
0.0	-0.0028836876	
0.0	0.0026420206	
0.0	0.004324125	
0.0	0.0033941101	
0.0	0.0027520303	
0.0	-0.0010572039	
0.0	0.0015908536	
0.0	-0.006587837	
0.0	0.002687836	
0.0	0.09842388	
0.0	0.0022584647	
0.0	0.0055732913	
0.0	-0.00029714778	
0.0	-0.0014325827	
0.0	0.0078593455	
0.0	0.0100854505	
0.0	0.0028496943	
0.0	0.0028355177	
0.0	0.0014510769	
0.0	0.00099295	
0.0	0.00729613	
0.0	0.025144733	
0.0	-0.0013924129	
0.0	-0.0003256388	
0.0	-0.0007373765	
0.0	0.049083017	
0.0	0.0043114647	
0.0	0.07104491	
0.0	0.0046529546	
0.0	0.098566964	
0.0	0.002687294	
0.0	0.010321094	
0.0	-0.0005087517	
0.0	0.0033107568	
0.0	0.031849306	
0.0	0.008862482	
0.0	0.00059907883	
0.0	0.0022660177	
0.0	0.09488629	
0.0	0.0027721785	
0.0	0.0012549348	
0.0	0.010522338	
0.0	0.0015555117	
0.0	0.00424972	
0.0	0.0035833512	
0.0	0.0012516193	
0.0	0.051917724	
0.0	0.0027795099	
0.0	0.0028948933	
0.0	0.002230145	
0.0	0.012557279	
0.0	0.0020035505	
0.0	0.002043208	
0.0	0.0035189241	
0.0	-0.0037585236	
0.0	0.00030524842	
0.0	-0.0016790219	
0.0	-0.00115012	
0.0	0.0013966318	
0.0	0.002853457	
0.0	0.00038607977	
0.0	0.014585402	
0.0	0.004811559	
0.0	0.0011645425	
0.0	0.010464162	
0.0	0.004225377	
0.0	0.00148811	
0.0	0.019704375	
0.0	-0.0040105022	
0.0	0.009864043	
0.0	0.006487217	
0.0	0.0048066787	
0.0	-0.005276013	
0.0	0.002669746	
0.0	0.0029802267	
0.0	0.0027644597	
0.0	-0.0010122731	
0.0	0.005450962	
0.0	0.0046669915	
0.0	-0.00023326091	
0.0	0.0028803032	
0.0	-4.5420602e-05	
0.0	0.16968574	
0.0	-0.0039781146	
0.0	0.0022324435	
0.0	0.009939136	
0.0	0.0020064805	
0.0	-0.0006132312	
0.0	0.0067364797	
0.0	0.003949579	
0.0	0.0034877434	
0.0	0.021580745	
0.0	0.0009997785	
0.0	-0.0004911795	
0.0	-0.0043053366	
0.0	0.0022803545	
0.0	0.0046179444	
0.0	0.002007326	
0.0	0.0020327251	
0.0	0.009137597	
0.0	0.003253214	
0.0	-0.0018615238	
0.0	0.001861468	
0.0	-0.0023184977	
0.0	0.0025558863	
0.0	-0.00042956695	
0.0	0.004020866	
0.0	0.027993713	
0.0	0.0026519746	
0.0	0.04549697	
0.0	0.0018222257	
0.0	0.001466684	
0.0	-0.0024340935	
0.0	0.0028398056	
0.0	0.001630351	
0.0	0.002845833	
0.0	0.0012833606	
0.0	0.0029769987	
0.0	-0.0007308461	
0.0	-0.000728406	
0.0	0.0037657656	
0.0	0.002933599	
0.0	0.0025160965	
0.0	0.0016586091	
0.0	0.0016820095	
0.0	0.007652791	
0.0	0.00027036108	
0.0	0.0036154408	
0.0	0.0014373586	
0.0	0.009507293	
0.0	0.002268307	
0.0	-0.00236227	
0.0	-0.00031063333	
0.0	0.0018952694	
0.0	0.1056672	
0.0	0.04990185	
0.0	0.00190676	
0.0	0.0012632627	
0.0	0.00090953335	
0.0	0.0029032659	
0.0	0.0026546791	
0.0	0.008043911	
0.0	0.0005415864	
0.0	0.00033066794	
0.0	-0.0012823492	
0.0	0.0018565208	
0.0	0.002014013	
0.0	0.07194409	
0.0	0.009564573	
0.0	0.0013459511	
0.0	0.0015188791	
0.0	0.00180679	
0.0	0.0028993338	
0.0	-0.0010907762	
0.0	0.0001301989	
0.0	0.007720679	
0.0	0.00332129	
0.0	0.0002810955	
0.0	0.0049525686	
0.0	0.0027033277	
0.0	0.0014745966	
0.0	-0.00019621849	
0.0	-0.0075999647	
0.0	0.0040519573	
0.0	0.0014723185	
0.0	0.0024325885	
0.0	-0.0065417476	
0.0	0.013645571	
0.0	0.001187034	
0.0	0.0036163684	
0.0	0.0008125566	
0.0	-0.0035469197	
0.0	0.0021289513	
0.0	0.0029053763	
0.0	0.003205739	
0.0	0.0016444139	
0.0	-0.00026081875	
0.0	0.0032568239	
0.0	0.0053158104	
0.0	0.0010760017	
0.0	0.00041055493	
0.0	0.004409969	
0.0	0.014891537	
0.0	-0.00073823705	
0.0	0.036911264	
0.0	-0.003658384	
0.0	0.0008088406	
0.0	-0.002805408	
0.0	-0.00011828914	
0.0	0.01254591	
0.0	0.0017218832	
0.0	-0.0001763925	
0.0	-0.0023557805	
0.0	0.0037820525	
0.0	0.0027958564	
0.0	0.0020472854	
0.0	0.002604857	
0.0	0.06383982	
0.0	7.050857e-05	
0.0	0.002754556	
0.0	-0.0039856173	
0.0	0.0024143755	
0.0	-0.010779101	
0.0	0.00282586	
0.0	0.0021259673	
0.0	0.0006836448	
0.0	0.0067166593	
0.0	-0.0012860186	
0.0	-0.003600169	
0.0	0.015949015	
0.0	0.0031146966	
0.0	-0.0040053762	
0.0	0.00276676	
0.0	0.003221795	
0.0	0.017676868	
0.0	0.0028041229	
0.0	0.002947824	
0.0	0.004204262	
0.0	0.022225298	
0.0	0.001695063	
0.0	0.03381439	
0.0	0.007805031	
0.0	0.388466	
0.0	-0.0015061125	
0.0	0.0039242767	
0.0	-0.001299005	
0.0	-0.000729803	
0.0	0.0018778071	
0.0	0.051528946	
0.0	0.0026695635	
0.0	-0.00037651695	
0.0	0.0024903119	
0.0	0.026461544	
0.0	0.0030468944	
0.0	0.0014922284	
0.0	0.0043918826	
0.0	0.01618104	
0.0	-0.0031202398	
0.0	0.06904912	
0.0	0.00273145	
0.0	0.0027396083	
0.0	0.0015345179	
0.0	-0.0024629273	
0.0	2.739951e-06	
0.0	-0.00064883754	
0.0	-7.399544e-05	
0.0	0.00237355	
0.0	0.0002680011	
0.0	0.0006559193	
0.0	-0.0024584904	
0.0	-0.00057500973	
0.0	0.0011997931	
0.0	0.006659178	
0.0	0.0016168244	
0.0	0.0036431868	
0.0	0.006806301	
0.0	0.004471641	
0.0	0.0011100397	
0.0	0.0030092336	
0.0	0.0016579386	
0.0	5.8673322e-05	
0.0	0.0006329529	
0.0	0.01256194	
0.0	0.0021109395	
0.0	0.0006874036	
0.0	0.0034427326	
0.0	0.0017590467	
0.0	0.004387021	
0.0	0.0028746165	
0.0	0.0044606254	
0.0	0.0034940187	
0.0	0.0027080104	
0.0	-0.0013438128	
0.0	0.011461681	
0.0	-0.0006506406	
0.0	0.001416482	
0.0	0.0027585812	
0.0	0.003818974	
0.0	0.002906138	
0.0	0.00082240626	
0.0	0.2407522	
0.0	0.004101824	
0.0	0.0021036752	
0.0	0.012509303	
0.0	0.002748616	
0.0	0.004382806	
0.0	0.09792839	
0.0	-0.001319129	
0.0	-0.0038352273	
0.0	0.006320469	
0.0	0.001328757	
0.0	0.0027628709	
0.0	0.0010218453	
0.0	0.001983814	
0.0	0.008521676	
0.0	0.010855086	
0.0	-0.0008448921	
0.0	0.011564644	
0.0	0.005532827	
0.0	0.0014097169	
0.0	-0.015949357	
0.0	0.0041379593	
0.0	0.0009740107	
0.0	0.0064579137	
0.0	0.0026978552	
0.0	0.0011464171	
0.0	0.0023562983	
0.0	0.0036789142	
0.0	0.008389283	
0.0	0.0018462185	
0.0	0.019988323	
0.0	-0.0069162957	
0.0	0.005073428	
0.0	0.0009268094	
0.0	-0.0024623536	
0.0	0.00032366812	
0.0	0.0029966328	
0.0	0.0046880655	
0.0	-0.000982374	
0.0	0.002790643	
0.0	0.0029470678	
0.0	0.0026644878	
0.0	-0.0007191263	
0.0	0.009792808	
0.0	0.00600823	
0.0	0.009861942	
0.0	-0.00043947995	
0.0	0.023475494	
0.0	0.0029963963	
0.0	0.0028439872	
0.0	0.00491748	
0.0	0.0011082999	
0.0	0.047250956	
0.0	0.0024449676	
0.0	0.001920972	
0.0	0.001381971	
0.0	0.0046159755	
0.0	-0.0015137047	
0.0	0.0028106999	
0.0	0.0572076	
0.0	0.017453415	
0.0	0.0014031623	
0.0	0.028842553	
0.0	0.003738325	
0.0	0.0023125987	
0.0	0.00604428	
0.0	0.08578933	
0.0	0.002362296	
0.0	0.0053865165	
0.0	0.002700746	
0.0	0.030072195	
0.0	0.028822444	
0.0	0.030721126	
0.0	0.0011951234	
0.0	0.0019458216	
0.0	0.00054389425	
0.0	0.00263175	
0.0	-0.009743322	
0.0	0.004915338	
0.0	-0.010438643	
0.0	0.009067582	
0.0	0.002858419	
0.0	0.0039629564	
0.0	0.0013387762	
0.0	0.0020700507	
0.0	0.0028375443	
0.0	0.018470028	
0.0	0.002427578	
0.0	0.0052973516	
0.0	0.0036676489	
0.0	0.0027016625	
0.0	-0.00062142685	
0.0	-0.006953139	
0.0	0.009371918	
0.0	-0.011482958	
0.0	-0.0014947094	
0.0	0.0004922394	
0.0	0.00026441365	
0.0	0.0035796221	
0.0	0.005713539	
0.0	0.0027327575	
0.0	0.0018048827	
0.0	-0.00016963854	
0.0	0.04652199	
0.0	-0.008844215	
0.0	0.0024917126	
0.0	0.0056447573	
0.0	0.007127449	
0.0	0.0032068454	
0.0	0.0028219614	
0.0	-0.0018621609	
0.0	0.00316168	
0.0	0.0021914393	
0.0	0.0015554465	
0.0	0.0036650524	
0.0	0.0040157624	
0.0	0.002967555	
0.0	-0.00027561933	
0.0	0.0031164996	
0.0	0.0028019156	
0.0	0.0034056623	
0.0	0.0025053173	
0.0	0.0029938687	
0.0	0.00095357	
0.0	0.0028890502	
0.0	0.0019904822	
0.0	0.0014631264	
0.0	-0.00018719397	
0.0	0.0017975401	
0.0	0.019347362	
0.0	0.0016156454	
0.0	0.0021048784	
0.0	0.002867071	
0.0	0.0030937064	
0.0	-0.00014742091	
0.0	0.0028907172	
0.0	0.00026252493	
0.0	0.0044035576	
0.0	0.05029645	
0.0	-0.0010555945	
0.0	0.0068619065	
0.0	-0.0034092702	
0.0	0.0014609583	
0.0	0.0133116245	
0.0	0.009311251	
0.0	0.003342308	
0.0	0.010741668	
0.0	0.00041902997	
0.0	0.002091797	
0.0	0.008971896	
0.0	0.02174583	
0.0	0.0011807028	
0.0	0.0025968626	
0.0	0.10770644	
0.0	-2.3074448e-05	
0.0	0.007480368	
0.0	0.0027642958	
0.0	0.09359293	
0.0	0.0024404898	
0.0	0.006823171	
0.0	0.0014239252	
0.0	0.0016271491	
0.0	0.0016699899	
0.0	0.005455304	
0.0	-0.00034533069	
0.0	0.0026703775	
0.0	0.002683431	
0.0	0.0047546066	
0.0	0.005769687	
0.0	0.00039455295	
0.0	0.0025476646	
0.0	0.0013341475	
0.0	0.005190097	
0.0	-0.0016687177	
0.0	0.0022613965	
0.0	0.003872782	
0.0	0.00078091025	
0.0	0.0025266558	
0.0	0.0019673742	
0.0	0.071631424	
0.0	0.000851389	
0.0	0.007840842	
0.0	-0.0008224845	
0.0	0.0009233169	
0.0	0.002731759	
0.0	0.0029794462	
0.0	-0.0018407144	
0.0	0.0019984283	
0.0	0.052769765	
0.0	-0.00017679855	
0.0	0.0046531707	
0.0	0.0056320988	
0.0	0.00025238842	
0.0	-0.0008767247	
0.0	0.2161767	
0.0	-0.010012526	
0.0	0.0032544304	
0.0	0.0033842996	
0.0	0.000572633	
0.0	0.004804818	
0.0	0.0018893741	
0.0	-0.0023523383	
0.0	0.00020981394	
0.0	0.0012557954	
0.0	-0.0001677461	
0.0	0.0029636472	
0.0	-0.0012410097	
0.0	0.0024576094	
0.0	0.0036714952	
0.0	0.00425585	
0.0	0.0045690574	
0.0	0.0029021874	
0.0	0.0028645918	
0.0	0.0018049963	
0.0	0.0034327097	
0.0	0.0017212555	
0.0	-0.00044126064	
0.0	0.005947951	
0.0	0.0054061543	
0.0	0.00375605	
0.0	0.0020892955	
0.0	-0.000460919	
0.0	0.0011707693	
0.0	0.21638617	
0.0	0.00020699576	
0.0	-0.00043514743	
0.0	0.0031314194	
0.0	0.023108449	
0.0	0.0016893093	
0.0	-0.0014143847	
0.0	0.0045953915	
0.0	-0.0017881878	
0.0	0.0035321563	
0.0	-0.00087927654	
0.0	0.002577981	
0.0	0.007988289	
0.0	0.0028169919	
0.0	0.089673296	
0.0	0.000108819455	
0.0	0.0037567988	
0.0	-0.0038404241	
0.0	-0.002438631	
0.0	0.0075768307	
0.0	0.00944698	
0.0	0.002032753	
0.0	0.006034225	
0.0	0.0024715196	
0.0	0.003417274	
0.0	0.00014065579	
0.0	0.012537248	
0.0	0.0016393512	
0.0	0.002194047	
0.0	0.0025609303	
0.0	-0.00047499686	
0.0	0.0024067033	
0.0	0.0021696873	
0.0	-0.0006443113	
0.0	0.010202888	
0.0	0.0023068935	
0.0	-0.000802543	
0.0	0.10759084	
0.0	0.0027140658	
0.0	0.0019211415	
0.0	0.0033554044	
0.0	0.00032292493	
0.0	-0.005537737	
0.0	0.010182446	
0.0	0.001405932	
0.0	0.0041391477	
0.0	0.0010791011	
0.0	0.0028493628	
0.0	0.0012509841	
0.0	0.094595715	
0.0	0.0028612502	
0.0	0.0022072755	
0.0	0.021369172	
0.0	-0.004658751	
0.0	0.0034083351	
0.0	0.002963122	
0.0	0.0022245646	
0.0	0.0016679205	
0.0	-0.0004546214	
0.0	0.0010011606	
0.0	0.006944973	
0.0	0.00055849925	
0.0	0.0035578348	
0.0	0.0011052694	
0.0	0.0007352419	
0.0	0.0008227397	
0.0	-0.0006844662	
0.0	-0.00048150122	
0.0	0.009743543	
0.0	0.0021268576	
0.0	0.0004965458	
0.0	0.0035161488	
0.0	0.031647343	
0.0	0.0057141297	
0.0	0.003439417	
0.0	0.0015407242	
0.0	-0.0018387996	
0.0	0.005162291	
0.0	-0.0018358976	
0.0	0.020235209	
0.0	0.0032661594	
0.0	-0.011288252	
0.0	0.0028305054	
0.0	-0.00045152754	
0.0	0.00032414123	
0.0	0.0042855404	
0.0	0.0020975769	
0.0	-0.00031937286	
0.0	0.0015585665	
0.0	7.334538e-05	
0.0	-0.001106523	
0.0	-0.00012601912	
0.0	0.0012843572	
0.0	0.0065575577	
0.0	-0.005452439	
0.0	0.0030179434	
0.0	-0.006980911	
0.0	0.00801231	
0.0	0.0030800775	
0.0	0.0023033638	
0.0	0.00076754764	
0.0	-0.002554927	
0.0	-0.00033289567	
0.0	0.11449723	
0.0	0.0014725663	
0.0	0.004625777	
0.0	0.013114	
0.0	-0.00041827187	
0.0	0.0028042905	
0.0	0.0025247484	
0.0	0.0010715108	
0.0	-0.0015585609	
0.0	0.00013001636	
0.0	0.00330979	
0.0	0.0011997931	
0.0	0.0019995198	
0.0	0.0055764243	
0.0	0.0026515387	
0.0	-0.00055671483	
0.0	0.0026877634	
0.0	-3.6090612e-05	
0.0	-0.0007203929	
0.0	0.011686929	
0.0	0.0029529613	
0.0	0.003959626	
0.0	0.0028092153	
0.0	0.003490407	
0.0	0.0030429903	
0.0	0.0009040199	
0.0	0.004814502	
0.0	0.0053659678	
0.0	0.0036080834	
0.0	0.0014837757	
0.0	0.0012955014	
0.0	0.0028974116	
0.0	0.003012348	
0.0	0.0031506084	
0.0	-0.003947232	
0.0	0.0024699755	
0.0	0.0022390261	
0.0	-0.0005496796	
0.0	0.0042233225	
0.0	-0.0021356978	
0.0	0.002568895	
0.0	0.1753717	
0.0	0.0009321552	
0.0	0.047622517	
0.0	0.0017399639	
0.0	0.008820742	
0.0	0.0029456913	
0.0	0.0023716781	
0.0	-0.0033953898	
0.0	0.067479834	
0.0	-0.0021622367	
0.0	0.0023171771	
0.0	-6.5976754e-05	
0.0	0.000105679035	
0.0	0.0014375728	
0.0	0.0020853002	
0.0	0.00076840445	
0.0	0.006852392	
0.0	0.000980366	
0.0	0.0013758764	
0.0	0.003476251	
0.0	0.16661999	
0.0	-0.007835571	
0.0	-0.0007397607	
0.0	0.006382603	
0.0	-0.0090655945	
0.0	0.0020236894	
0.0	0.0018213913	
0.0	0.00233257	
0.0	-0.00032320246	
0.0	0.0075593665	
0.0	0.002272537	
0.0	0.0030627958	
0.0	0.0041453205	
0.0	0.0011685435	
0.0	0.0022987705	
0.0	0.0028142203	
0.0	0.0052848402	
0.0	0.0005659908	
0.0	0.0011856146	
0.0	0.033453923	
0.0	0.0385278	
0.0	0.0017402954	
0.0	0.07325229	
0.0	0.0022451207	
0.0	-0.0011221878	
0.0	0.09879242	
0.0	0.005254373	
0.0	-0.00033129007	
0.0	-0.00046644732	
0.0	0.0052081514	
0.0	0.0054858737	
0.0	0.0065006875	
0.0	0.00030860864	
0.0	0.009136021	
0.0	0.00013847277	
0.0	0.0020820573	
0.0	0.0024150088	
0.0	-0.0067220815	
0.0	0.0062487777	
0.0	0.0031837039	
0.0	-0.0004745461	
0.0	0.002720967	
0.0	-0.0002616141	
0.0	-0.0012565479	
0.0	0.0023245849	
0.0	0.0009998903	
0.0	0.0013392307	
0.0	0.0027343743	
0.0	0.0014066622	
0.0	0.001013143	
0.0	0.0006465167	
0.0	0.0016760267	
0.0	0.0017942116	
0.0	0.02856843	
0.0	0.0027779788	
0.0	0.0039005429	
0.0	-0.0013194382	
0.0	0.0051222257	
0.0	0.004272174	
0.0	0.0040324703	
0.0	0.001099743	
0.0	0.0027548373	
0.0	-0.0009127371	
0.0	0.0015290082	
0.0	0.0028026812	
0.0	0.002365576	
0.0	-0.0071177743	
0.0	-0.00031020865	
0.0	0.0034229867	
0.0	0.0009756312	
0.0	0.00265041	
0.0	0.00012603402	
0.0	0.0010240041	
0.0	0.0017661154	
0.0	0.0010673162	
0.0	0.003131114	
0.0	0.00034009665	
0.0	0.0017702859	
0.0	0.0022150334	
0.0	0.0008078944	
0.0	-5.1772222e-05	
0.0	0.00047776662	
0.0	0.004961606	
0.0	-0.0018232837	
0.0	0.012493696	
0.0	0.0040547177	
0.0	-4.214421e-05	
0.0	0.0016928054	
0.0	0.023728658	
0.0	0.0022101067	
0.0	-0.0070183463	
0.0	0.002858296	
0.0	0.00076486915	
0.0	0.0008827653	
0.0	0.037600372	
0.0	0.0031883325	
0.0	-0.0030983835	
0.0	0.0010545682	
0.0	0.0020156838	
0.0	0.0034230556	
0.0	0.0020568054	
0.0	0.009108534	
0.0	0.0021094084	
0.0	0.017632047	
0.0	-0.00095694885	
0.0	-2.3936853e-05	
0.0	0.008254647	
0.0	0.0028331056	
0.0	-0.0017751344	
0.0	0.0002901517	
0.0	0.0020433795	
0.0	0.00210502	
0.0	0.0024155937	
0.0	0.009038519	
0.0	0.0010616761	
0.0	-0.0009581223	
0.0	0.002022896	
0.0	0.002637837	
0.0	0.00071281753	
0.0	0.0016659424	
0.0	-0.0014859326	
0.0	-2.0079315e-06	
0.0	0.0034279432	
0.0	0.006834777	
0.0	0.0013977531	
0.0	0.0043951273	
0.0	-0.010219213	
0.0	-0.0030975603	
0.0	0.048097644	
0.0	0.011552736	
0.0	0.002398992	
0.0	0.01808044	
0.0	0.0027043168	
0.0	0.0028141104	
0.0	0.0050873607	
0.0	0.0019865334	
0.0	0.0025215168	
0.0	0.002365725	
0.0	0.00667079	
0.0	-0.0012767054	
0.0	0.0014572069	
0.0	0.0027921814	
0.0	-0.0008311868	
0.0	0.00057674386	
0.0	0.0017548185	
0.0	0.00067559443	
0.0	-0.005195163	
0.0	1.3325363e-05	
0.0	0.0035299063	
0.0	0.00256313	
0.0	0.02360164	
0.0	0.0023731943	
0.0	0.0012968201	
0.0	-0.0005616825	
0.0	0.002579663	
0.0	0.0029754844	
0.0	0.0028999522	
0.0	0.045258723	
0.0	-0.00023527443	
0.0	0.00086485595	
0.0	-0.002824586	
0.0	0.0012264494	
0.0	0.009012358	
0.0	0.0018683225	
0.0	0.0015811659	
0.0	-0.0006672889	
0.0	0.0079417005	
0.0	0.0024599284	
0.0	-0.00039611012	
0.0	-0.0065367483	
0.0	0.004323559	
0.0	0.0035746116	
0.0	0.0027645417	
0.0	0.005285276	
0.0	0.002869606	
0.0	-0.00765913	
0.0	-4.2920932e-05	
0.0	0.0032533966	
0.0	0.016191829	
0.0	0.006999444	
0.0	0.0043789838	
0.0	-0.00012609363	
0.0	-0.0003559552	
0.0	0.049599178	
0.0	0.008841788	
0.0	0.0028242357	
0.0	0.0014346689	
0.0	0.0006490089	
0.0	0.0022228472	
0.0	0.001945883	
0.0	-0.000101652	
0.0	-0.00012902915	
0.0	0.0027743857	
0.0	0.0016822405	
0.0	0.009847917	
0.0	-0.011068281	
0.0	-0.00011795759	
0.0	0.0035782494	
0.0	-0.00017182715	
0.0	0.00018294156	
0.0	0.003325805	
0.0	0.0008486677	
0.0	-0.0020247772	
0.0	0.003746124	
0.0	0.00011059828	
0.0	0.0029425882	
0.0	0.0005967654	
0.0	-0.01168314	
0.0	0.004740512	
0.0	0.0010919832	
0.0	0.0013743676	
0.0	-0.0020348206	
0.0	0.002196893	
0.0	-0.0009127781	
0.0	0.0016419943	
0.0	0.0046209805	
0.0	0.0012246482	
0.0	0.0033898056	
0.0	0.002435863	
0.0	-0.0007081069	
0.0	-0.0011992641	
0.0	0.006099656	
0.0	0.006897306	
0.0	0.0051803607	
0.0	0.009922799	
0.0	0.0038761236	
0.0	0.0009975713	
0.0	-0.0011346675	
0.0	-0.0007082671	
0.0	0.00030134246	
0.0	0.0046300218	
0.0	0.0027404502	
0.0	0.00090966746	
0.0	0.0073992815	
0.0	-0.00029763952	
0.0	-0.0022824034	
0.0	0.000349164	
0.0	0.008016484	
0.0	0.002028672	
0.0	0.0012934897	
0.0	0.004943099	
0.0	-0.0040192865	
0.0	0.00015081465	
0.0	0.0019243769	
0.0	-0.0007087067	
0.0	0.0005305018	
0.0	0.00058654323	
0.0	0.0057639536	
0.0	0.0016142093	
0.0	0.0025755577	
0.0	0.0025565494	
0.0	0.0064566545	
0.0	0.0119866915	
0.0	-0.003449332	
0.0	0.028605668	
0.0	0.002558563	
0.0	0.005364271	
0.0	0.002836831	
0.0	-0.011703197	
0.0	-0.00019641966	
0.0	0.0054024886	
0.0	0.0012964401	
0.0	0.012220154	
0.0	-0.002766367	
0.0	0.0054829624	
0.0	0.0018461272	
0.0	-0.005445637	
0.0	0.0020156577	
0.0	-0.00090004876	
0.0	0.060587708	
0.0	0.06523133	
0.0	0.002170099	
0.0	0.002575649	
0.0	-0.001750119	
0.0	0.009159118	
0.0	0.026003726	
0.0	0.0032017715	
0.0	0.0023381244	
0.0	0.0018685535	
0.0	0.0007066149	
0.0	0.001520291	
0.0	0.0023867767	
0.0	0.0029192828	
0.0	0.00049411133	
0.0	-0.0016083643	
0.0	0.0025065131	
0.0	0.004259331	
0.0	0.001801936	
0.0	-0.00042956695	
0.0	0.011617314	
0.0	0.0017287359	
0.0	0.0027576052	
0.0	0.004780356	
0.0	0.0017785858	
0.0	-0.00048488379	
0.0	0.0031930543	
0.0	0.00035443902	
0.0	0.0011534225	
0.0	0.0010143537	
0.0	-0.0008636005	
0.0	-0.0009209253	
0.0	0.0027558766	
0.0	0.0021152012	
0.0	0.00036215223	
0.0	0.0027057193	
0.0	-0.0012494214	
0.0	0.024230238	
0.0	0.045041718	
0.0	0.0015620738	
0.0	0.0029020794	
0.0	0.001340963	
0.0	0.015945835	
0.0	0.0034718476	
0.0	-0.0003889054	
0.0	0.0014697313	
0.0	0.0023172442	
0.0	0.001282135	
0.0	-0.0007139109	
0.0	0.0006938558	
0.0	0.0010061171	
0.0	0.0022904575	
0.0	-0.0004565604	
0.0	0.015953332	
0.0	0.0011874437	
0.0	0.0017514937	
0.0	0.0035158321	
0.0	0.14137521	
0.0	-0.0008907579	
0.0	-0.00094376877	
0.0	0.02981035	
0.0	-0.00054438226	
0.0	0.00041508675	
0.0	0.0027211625	
0.0	0.0027412437	
0.0	0.019599162	
0.0	0.013150096	
0.0	0.0015362594	
0.0	0.011303067	
0.0	0.001762962	
0.0	0.007829376	
0.0	0.0005380511	
0.0	0.005784115	
0.0	0.016006414	
0.0	0.0034022368	
0.0	0.0019105077	
0.0	0.04694348	
0.0	0.015328994	
0.0	0.0015882272	
0.0	-0.0014227182	
0.0	0.003271576	
0.0	0.0056771003	
0.0	-0.0038675107	
0.0	0.0008962825	
0.0	0.0028367527	
0.0	0.001618918	
0.0	0.00029666722	
0.0	-0.0012781881	
0.0	-0.00041149557	
0.0	-0.01025771	
0.0	0.003575988	
0.0	0.005288277	
0.0	0.0068737827	
0.0	0.00032908842	
0.0	-0.00036770292	
0.0	-0.0012568794	
0.0	0.0030799955	
0.0	0.0047623776	
0.0	-0.005497705	
0.0	0.0033569261	
0.0	-0.009877808	
0.0	-0.0022732504	
0.0	0.021142649	
0.0	0.004030494	
0.0	0.00034080446	
0.0	0.00081446394	
0.0	0.00625458	
0.0	0.0014820993	
0.0	0.006052524	
0.0	0.0017741211	
0.0	-0.0014115386	
0.0	0.002113402	
0.0	0.004021924	
0.0	0.0026974976	
0.0	0.0003794711	
0.0	0.0019667596	
0.0	-0.00010035932	
0.0	0.0059705526	
0.0	-0.03532744	
0.0	0.0030663628	
0.0	0.005442746	
0.0	0.00031967275	
0.0	0.03953307	
0.0	0.002611516	
0.0	0.024933483	
0.0	0.010298656	
0.0	0.0032631196	
0.0	0.012730394	
0.0	-3.4738332e-05	
0.0	0.0038352013	
0.0	0.02327786	
0.0	0.000784304	
0.0	-0.0012785085	
0.0	0.0058459267	
0.0	-0.009541038	
0.0	-0.01507945	
0.0	0.11335786	
0.0	-0.00050768815	
0.0	0.0028425455	
0.0	-0.001028996	
0.0	0.017777683	
0.0	0.0011140481	
0.0	0.0019009337	
0.0	-0.011442181	
0.0	-0.0008701198	
0.0	0.00029925257	
0.0	0.003364943	
0.0	0.0012629256	
0.0	0.005623527	
0.0	0.0029157754	
0.0	0.00047909468	
0.0	0.0035692435	
0.0	0.0028455947	
0.0	0.0014653318	
0.0	0.0009220168	
0.0	0.009644214	
0.0	3.7558377e-05	
0.0	0.004185945	
0.0	0.0021774173	
0.0	0.00040912814	
0.0	0.0012896303	
0.0	0.0018917322	
0.0	0.0018984787	
0.0	0.00202249	
0.0	0.0009941999	
0.0	-0.004309211	
0.0	0.0029261895	
0.0	0.00046081096	
0.0	-0.0026284568	
0.0	-0.00080478564	
0.0	0.015695676	
0.0	0.022778973	
0.0	0.03880279	
0.0	0.004588427	
0.0	0.0019659847	
0.0	0.003233375	
0.0	0.00073122606	
0.0	0.010712856	
0.0	0.0039622225	
0.0	0.002797287	
0.0	0.0034736954	
0.0	0.0019868836	
0.0	0.0024096314	
0.0	0.0016717091	
0.0	0.0063373186	
0.0	0.00045435503	
0.0	0.007532686	
0.0	-0.002072122	
0.0	-0.0021802858	
0.0	0.0014779381	
0.0	0.0057994872	
0.0	0.010955805	
0.0	0.019611973	
0.0	0.00360813	
0.0	0.0024970174	
0.0	0.0042512715	
0.0	0.09189342	
0.0	0.041098945	
0.0	0.0026695728	
0.0	0.009385332	
0.0	0.0068378076	
0.0	0.0031019896	
0.0	0.00074969046	
0.0	0.0035885014	
0.0	0.0040931907	
0.0	0.004435692	
0.0	0.000259161	
0.0	0.0019873548	
0.0	-0.00035486743	
0.0	0.0020450465	
0.0	0.0006534308	
0.0	0.00061629154	
0.0	-0.0035040937	
0.0	0.0034767836	
0.0	0.002403723	
0.0	0.003920242	
0.0	0.0028599538	
0.0	0.0022065751	
0.0	0.031903356	
0.0	0.0018343739	
0.0	0.0015504211	
0.0	0.001781363	
0.0	-0.0010352135	
0.0	0.0020491611	
0.0	0.0030298214	
0.0	0.0036655199	
0.0	0.051290765	
0.0	0.0018005725	
0.0	0.0076490864	
0.0	0.0019833855	
0.0	0.0028900504	
0.0	0.0015827622	
0.0	0.0024464726	
0.0	0.013051281	
0.0	0.002694115	
0.0	0.0027731173	
0.0	0.0476	
0.0	0.00019671768	
0.0	-0.00018164143	
0.0	0.0027485993	
0.0	-0.0033051334	
0.0	0.001989726	
0.0	0.0022677295	
0.0	0.0017396901	
0.0	0.0015395973	
0.0	0.0035052486	
0.0	-0.0008593537	
0.0	0.0029038899	
0.0	0.042584486	
0.0	0.016645715	
0.0	0.0030276366	
0.0	0.0010044053	
0.0	-0.0016185269	
0.0	0.0062987246	
0.0	0.006148942	
0.0	0.0028607957	
0.0	0.15123437	
0.0	0.0028067417	
0.0	0.0027383808	
0.0	0.0018997006	
0.0	0.0013709366	
0.0	0.008479379	
0.0	0.013905294	
0.0	0.0009795409	
0.0	0.00093120337	
0.0	-0.00036013685	
0.0	0.003301328	
0.0	0.00030026212	
0.0	0.004701063	
0.0	0.0008654967	
0.0	0.010049686	
0.0	0.00072804093	
0.0	0.004077796	
0.0	0.0019759126	
0.0	0.002419021	
0.0	0.0018106289	
0.0	0.022878565	
0.0	0.0009791516	
0.0	0.0027300566	
0.0	-0.004949067	
0.0	0.008530371	
0.0	0.026152415	
0.0	0.013555158	
0.0	0.00285336	
0.0	0.0010994878	
0.0	0.005994402	
0.0	0.0019298196	
0.0	-0.0006019138	
0.0	0.0084541645	
0.0	0.0038296208	
0.0	-0.0013833009	
0.0	0.0015184097	
0.0	0.00018978864	
0.0	0.004164288	
0.0	0.0033813193	
0.0	0.0008293763	
0.0	0.0044151563	
0.0	0.0038563386	
0.0	0.011798218	
0.0	0.0025284067	
0.0	0.00091797486	
0.0	0.023751263	
0.0	0.005278621	
0.0	0.00835257	
0.0	-0.002915144	
0.0	0.07040148	
0.0	0.0028954	
0.0	0.004041847	
0.0	7.645041e-05	
0.0	0.0011265501	
0.0	0.0030943453	
0.0	0.0032603107	
0.0	-0.00023471192	
0.0	0.00042965077	
0.0	0.0003214702	
0.0	0.001841899	
0.0	0.08033572	
0.0	0.013407027	
0.0	0.0013009533	
0.0	0.001256235	
0.0	0.002921123	
0.0	0.013642833	
0.0	0.0022272952	
0.0	0.0012593959	
0.0	0.0011093542	
0.0	0.10389134	
0.0	0.0017871726	
0.0	0.0028223284	
0.0	0.0048573446	
0.0	0.003426643	
0.0	0.0023766235	
0.0	-0.0042620413	
0.0	0.00012702122	
0.0	-0.0027303286	
0.0	0.0045236424	
0.0	0.0022748392	
0.0	0.0013371296	
0.0	-0.0007949881	
0.0	0.005676128	
0.0	0.0053600483	
0.0	0.0023527462	
0.0	0.0055455565	
0.0	0.003196869	
0.0	0.002865944	
0.0	6.2927604e-05	
0.0	-0.0007785894	
0.0	0.0018109679	
0.0	-7.9272315e-05	
0.0	0.001474943	
0.0	0.00018749759	
0.0	0.0040923674	
0.0	0.003222812	
0.0	0.0013750251	
0.0	0.0041862857	
0.0	0.0007854756	
0.0	-0.0014304556	
0.0	0.029023241	
0.0	0.013664052	
0.0	0.0022725333	
0.0	0.004351683	
0.0	-5.4281205e-05	
0.0	0.003382355	
0.0	-0.0074806027	
0.0	0.0032089073	
0.0	0.0018636286	
0.0	0.0074978713	
0.0	0.0038736388	
0.0	0.0024642162	
0.0	0.025874138	
0.0	0.002783386	
0.0	0.0015690885	
0.0	0.005137628	
0.0	0.0027514175	
0.0	0.0017252509	
0.0	0.0022754744	
0.0	-0.00014220364	
0.0	0.014890812	
0.0	0.001724761	
0.0	0.002796065	
0.0	0.0016393363	
0.0	-0.0007054284	
0.0	0.0017976034	
0.0	0.0087032	
0.0	0.010289002	
0.0	0.0024599433	
0.0	0.0018471051	
0.0	-0.00025322847	
0.0	0.0013311375	
0.0	0.0028663874	
0.0	0.0020381697	
0.0	0.0014190972	
0.0	-0.00024949014	
0.0	0.0028012656	
0.0	0.00064284913	
0.0	0.002329871	
0.0	0.0055220537	
0.0	0.009280203	
0.0	0.0021769144	
0.0	0.0020179078	
0.0	0.0018707775	
0.0	-0.0015544929	
0.0	0.06921105	
0.0	-0.00056451745	
0.0	0.0018779263	
0.0	0.0009162277	
0.0	0.002387505	
0.0	0.00020082667	
0.0	-0.0010472611	
0.0	-0.00030945614	
0.0	0.00522922	
0.0	0.0023979675	
0.0	0.018354893	
0.0	0.00531685	
0.0	-0.0054595433	
0.0	0.0026637875	
0.0	0.003260577	
0.0	0.0020026416	
0.0	0.0024968795	
0.0	0.0015084818	
0.0	0.0019003693	
0.0	0.0058081783	
0.0	-0.005807042	
0.0	0.1029989	
0.0	0.0013291333	
0.0	0.0063443463	
0.0	0.011108268	
0.0	0.002901353	
0.0	-0.0008958243	
0.0	-0.0021880306	
0.0	0.02228446	
0.0	0.001256505	
0.0	0.0002932828	
0.0	0.00047415122	
0.0	0.0012857523	
0.0	-0.002684731	
0.0	0.0010349266	
0.0	0.05770641	
0.0	0.004210191	
0.0	0.0064378623	
0.0	-0.00043766946	
0.0	0.00012153573	
0.0	0.0012129508	
0.0	0.0007972121	
0.0	0.0016718414	
0.0	0.004232142	
0.0	0.004495267	
0.0	0.008191504	
0.0	-0.007207729	
0.0	0.0014628433	
0.0	0.0019327533	
0.0	0.0016633607	
0.0	0.0043466203	
0.0	0.000319954	
0.0	0.15607704	
0.0	0.0016330555	
0.0	0.0010238923	
