0.723123258
0.660246809
0.763565398
0.746109698
0.710549948
0.724247682
0.760907448
0.711027313
0.709451731
0.750790968
0.761186294
0.735777971
0.761682200
0.750165606
0.661459342
0.746818970
0.679482745
0.682774773
0.714883165
0.745497448
0.709580269
0.749101727
0.724379284
0.758534747
0.711107119
0.691477538
0.802542783
0.691786723
0.693758374
0.678832010
0.658347831
0.702234195
0.709130201
0.681923485
0.754566943
0.717122133
0.721143698
0.689518791
0.715689503
0.671204251
0.725874803
0.795183918
0.725235185
0.722677272
0.629076382
0.742506022
0.716655756
0.699360146
0.727368302
0.730393251
0.699118421
0.755565582
0.740923564
0.760636782
0.749133911
0.690561459
0.688892224
0.760542202
0.737921239
0.740279639
0.745170943
0.702119069
0.686705705
0.776562301
0.705711553
0.697443509
0.730382020
0.732768222
0.751807339
0.711516676
0.711374930
0.767476184
0.759321579
0.759946843
0.671918344
0.695387686
0.728569205
0.682260393
0.679440436
0.716217149
0.690774491
0.720077088
0.737869324
0.729220587
0.700454293
0.720654573
0.710281675
0.701302561
0.728776882
0.734778939
0.705622697
0.768408478
0.715005267
0.720776891
0.747854993
0.745504145
0.720173131
0.749417277
0.756597447
0.714231516
